0 2.14279e-09
0.025 2.15416e-09
0.05 0.00454356
0.075 0.0133078
0.1 0.0259782
0.125 0.0422484
0.15 0.06182
0.175 0.0844023
0.2 0.109712
0.225 0.137474
0.25 0.167419
0.275 0.199287
0.3 0.232821
0.325 0.267775
0.35 0.303907
0.375 0.340981
0.4 0.37877
0.425 0.41705
0.45 0.455604
0.475 0.494221
0.5 0.532695
0.525 0.570827
0.55 0.608422
0.575 0.645289
0.6 0.681246
0.625 0.716111
0.65 0.749711
0.675 0.781875
0.7 0.812438
0.725 0.84124
0.75 0.868123
0.775 0.892936
0.8 0.915531
0.825 0.935764
0.85 0.953494
0.875 0.968588
0.9 0.980911
0.925 0.990337
0.95 0.99674
0.975 1
1 1
