0 0 0
0.05000000000000000278 0.01445799670182619512 0.01445881399471568574
0.1000000000000000056 0.05427204574892554451 0.05427365555186602908
0.1500000000000000222 0.1141850792326246922 0.1141874364068481973
0.2000000000000000111 0.1891273867866348213 0.1891304277181062865
0.25 0.2743045138615836653 0.2743081586384612525
0.2999999999999999889 0.3652783822818309045 0.3652825371210908223
0.3499999999999999778 0.4580396356273381264 0.4580441954966898432
0.3999999999999999667 0.549069428057237241 0.5490742794336029853
0.4499999999999999556 0.6353891351292011436 0.6353941588316638356
0.4999999999999999445 0.7145967625692335456 0.714601836602551499
0.5499999999999999334 0.7848891564870867921 0.7848941588316640239
0.5999999999999999778 0.8450694681480455106 0.8450742794336032482
0.6500000000000000222 0.8945396894935803145 0.8945441954966897313
0.7000000000000000666 0.9332784432110993178 0.9332825371210917709
0.750000000000000111 0.9618045742350096461 0.9618081586384614745
0.8000000000000001554 0.9811274391772059067 0.9811304277181069899
0.8500000000000001998 0.9926851177262754344 0.9926874364068489776
0.9000000000000002442 0.9982720674559758534 0.9982736555518654242
0.9500000000000002887 0.9999580034218851221 0.99995881399471509
1.000000000000000222 0.9999999999999988898 1.000000000000000888
