0 0 0
0.1000000000000000056 0.05424706831318922007 0.05427365555186602908
0.2000000000000000111 0.1890801967419010743 0.1891304277181062865
0.3000000000000000444 0.3652138773431451435 0.3652825371210909333
0.4000000000000000222 0.5489940657194071205 0.5490742794336034294
0.5 0.7145178958328720631 0.714601836602551721
0.5999999999999999778 0.8449946503765480843 0.8450742794336032482
0.6999999999999999556 0.9332147653374444074 0.9332825371210904386
0.7999999999999999334 0.981080959165981259 0.9811304277181056577
0.8999999999999999112 0.9982473827932430988 0.9982736555518658683
0.999999999999999889 1.000000000000000444 1.000000000000000444
