0 0
0.025 -0
0.05 2.61025e-06
0.075 7.89934e-06
0.1 1.6321e-05
0.125 2.87056e-05
0.15 5.14211e-05
0.175 0.000107087
0.2 0.000261182
0.225 0.000353166
0.25 0.000289167
0.275 0.000139491
0.3 0.000310057
0.325 0.00161061
0.35 0.00257059
0.375 0.00191762
0.4 -0.00108466
0.425 -0.00518474
0.45 -0.00704158
0.475 -0.00553026
0.5 0.00233085
0.525 0.0135895
0.55 0.0192679
0.575 0.0151299
0.6 -0.00923381
0.625 -0.0486482
0.65 -0.0821314
0.675 -0.105128
0.7 -0.0613262
0.725 0.0460827
0.75 0.118231
0.775 -0.0229984
0.8 -0.237118
0.825 -0.341155
0.85 -0.234384
0.875 0.202653
0.9 0.813493
0.925 1.18264
0.95 1.32005
0.975 1
1 1
