0 0.0307046
0.001 0.0306575
0.002 0.0306176
0.003 0.030585
0.004 0.0305594
0.005 0.030541
0.006 0.0305297
0.007 0.0305256
0.008 0.0305284
0.009 0.0305384
0.01 0.0305554
0.011 0.0305794
0.012 0.0306104
0.013 0.0306483
0.014 0.0306932
0.015 0.0307451
0.016 0.0308039
0.017 0.0308696
0.018 0.0309421
0.019 0.0310216
0.02 0.0311078
0.021 0.0312009
0.022 0.0313008
0.023 0.0314074
0.024 0.0315209
0.025 0.031641
0.026 0.0317679
0.027 0.0319015
0.028 0.0320418
0.029 0.0321888
0.03 0.0323424
0.031 0.0325026
0.032 0.0326694
0.033 0.0328429
0.034 0.0330229
0.035 0.0332094
0.036 0.0334025
0.037 0.0336021
0.038 0.0338081
0.039 0.0340207
0.04 0.0342397
0.041 0.0344652
0.042 0.034697
0.043 0.0349353
0.044 0.0351799
0.045 0.0354309
0.046 0.0356883
0.047 0.0359519
0.048 0.0362219
0.049 0.0364982
0.05 0.0367807
0.051 0.0370695
0.052 0.0373645
0.053 0.0376657
0.054 0.0379731
0.055 0.0382866
0.056 0.0386064
0.057 0.0389322
0.058 0.0392642
0.059 0.0396023
0.06 0.0399464
0.061 0.0402966
0.062 0.0406529
0.063 0.0410151
0.064 0.0413834
0.065 0.0417577
0.066 0.0421379
0.067 0.0425241
0.068 0.0429162
0.069 0.0433142
0.07 0.0437181
0.071 0.0441279
0.072 0.0445435
0.073 0.044965
0.074 0.0453923
0.075 0.0458254
0.076 0.0462643
0.077 0.0467089
0.078 0.0471593
0.079 0.0476154
0.08 0.0480773
0.081 0.0485448
0.082 0.049018
0.083 0.0494968
0.084 0.0499813
0.085 0.0504714
0.086 0.0509671
0.087 0.0514684
0.088 0.0519752
0.089 0.0524876
0.09 0.0530055
0.091 0.053529
0.092 0.0540579
0.093 0.0545923
0.094 0.0551321
0.095 0.0556774
0.096 0.0562281
0.097 0.0567842
0.098 0.0573457
0.099 0.0579126
0.1 0.0584848
0.101 0.0590623
0.102 0.0596452
0.103 0.0602333
0.104 0.0608267
0.105 0.0614254
0.106 0.0620293
0.107 0.0626385
0.108 0.0632528
0.109 0.0638724
0.11 0.0644971
0.111 0.0651269
0.112 0.0657619
0.113 0.066402
0.114 0.0670472
0.115 0.0676975
0.116 0.0683529
0.117 0.0690133
0.118 0.0696787
0.119 0.0703491
0.12 0.0710246
0.121 0.071705
0.122 0.0723904
0.123 0.0730807
0.124 0.0737759
0.125 0.0744761
0.126 0.0751811
0.127 0.075891
0.128 0.0766058
0.129 0.0773254
0.13 0.0780498
0.131 0.078779
0.132 0.079513
0.133 0.0802518
0.134 0.0809953
0.135 0.0817436
0.136 0.0824965
0.137 0.0832542
0.138 0.0840166
0.139 0.0847836
0.14 0.0855553
0.141 0.0863316
0.142 0.0871125
0.143 0.087898
0.144 0.0886881
0.145 0.0894827
0.146 0.0902819
0.147 0.0910856
0.148 0.0918939
0.149 0.0927066
0.15 0.0935238
0.151 0.0943455
0.152 0.0951716
0.153 0.0960021
0.154 0.096837
0.155 0.0976764
0.156 0.0985201
0.157 0.0993682
0.158 0.100221
0.159 0.101077
0.16 0.101938
0.161 0.102804
0.162 0.103673
0.163 0.104547
0.164 0.105425
0.165 0.106308
0.166 0.107194
0.167 0.108085
0.168 0.10898
0.169 0.109879
0.17 0.110782
0.171 0.111689
0.172 0.112601
0.173 0.113516
0.174 0.114436
0.175 0.11536
0.176 0.116287
0.177 0.117219
0.178 0.118155
0.179 0.119095
0.18 0.120038
0.181 0.120986
0.182 0.121938
0.183 0.122893
0.184 0.123853
0.185 0.124816
0.186 0.125783
0.187 0.126754
0.188 0.127729
0.189 0.128708
0.19 0.129691
0.191 0.130677
0.192 0.131667
0.193 0.132661
0.194 0.133659
0.195 0.13466
0.196 0.135665
0.197 0.136674
0.198 0.137687
0.199 0.138703
0.2 0.139723
0.201 0.140746
0.202 0.141773
0.203 0.142804
0.204 0.143838
0.205 0.144876
0.206 0.145917
0.207 0.146962
0.208 0.148011
0.209 0.149063
0.21 0.150118
0.211 0.151177
0.212 0.152239
0.213 0.153305
0.214 0.154375
0.215 0.155447
0.216 0.156523
0.217 0.157603
0.218 0.158686
0.219 0.159772
0.22 0.160861
0.221 0.161954
0.222 0.16305
0.223 0.164149
0.224 0.165252
0.225 0.166358
0.226 0.167467
0.227 0.16858
0.228 0.169695
0.229 0.170814
0.23 0.171936
0.231 0.173061
0.232 0.174189
0.233 0.175321
0.234 0.176455
0.235 0.177593
0.236 0.178734
0.237 0.179877
0.238 0.181024
0.239 0.182174
0.24 0.183327
0.241 0.184483
0.242 0.185642
0.243 0.186803
0.244 0.187968
0.245 0.189136
0.246 0.190307
0.247 0.19148
0.248 0.192657
0.249 0.193836
0.25 0.195018
0.251 0.196203
0.252 0.197391
0.253 0.198582
0.254 0.199776
0.255 0.200972
0.256 0.202171
0.257 0.203373
0.258 0.204578
0.259 0.205785
0.26 0.206995
0.261 0.208208
0.262 0.209424
0.263 0.210642
0.264 0.211862
0.265 0.213086
0.266 0.214312
0.267 0.215541
0.268 0.216772
0.269 0.218006
0.27 0.219242
0.271 0.220481
0.272 0.221723
0.273 0.222967
0.274 0.224213
0.275 0.225462
0.276 0.226714
0.277 0.227968
0.278 0.229224
0.279 0.230483
0.28 0.231744
0.281 0.233008
0.282 0.234274
0.283 0.235543
0.284 0.236813
0.285 0.238087
0.286 0.239362
0.287 0.24064
0.288 0.24192
0.289 0.243202
0.29 0.244487
0.291 0.245774
0.292 0.247063
0.293 0.248354
0.294 0.249648
0.295 0.250944
0.296 0.252242
0.297 0.253542
0.298 0.254844
0.299 0.256149
0.3 0.257455
0.301 0.258764
0.302 0.260074
0.303 0.261387
0.304 0.262702
0.305 0.264019
0.306 0.265338
0.307 0.266659
0.308 0.267982
0.309 0.269307
0.31 0.270634
0.311 0.271963
0.312 0.273294
0.313 0.274627
0.314 0.275962
0.315 0.277299
0.316 0.278637
0.317 0.279978
0.318 0.28132
0.319 0.282664
0.32 0.28401
0.321 0.285358
0.322 0.286708
0.323 0.28806
0.324 0.289413
0.325 0.290768
0.326 0.292125
0.327 0.293483
0.328 0.294843
0.329 0.296205
0.33 0.297569
0.331 0.298935
0.332 0.300302
0.333 0.30167
0.334 0.303041
0.335 0.304413
0.336 0.305786
0.337 0.307161
0.338 0.308538
0.339 0.309916
0.34 0.311296
0.341 0.312678
0.342 0.314061
0.343 0.315445
0.344 0.316831
0.345 0.318219
0.346 0.319608
0.347 0.320998
0.348 0.32239
0.349 0.323783
0.35 0.325178
0.351 0.326574
0.352 0.327972
0.353 0.329371
0.354 0.330771
0.355 0.332173
0.356 0.333576
0.357 0.33498
0.358 0.336386
0.359 0.337793
0.36 0.339201
0.361 0.34061
0.362 0.342021
0.363 0.343433
0.364 0.344846
0.365 0.346261
0.366 0.347676
0.367 0.349093
0.368 0.350511
0.369 0.35193
0.37 0.353351
0.371 0.354772
0.372 0.356195
0.373 0.357618
0.374 0.359043
0.375 0.360469
0.376 0.361896
0.377 0.363324
0.378 0.364753
0.379 0.366183
0.38 0.367614
0.381 0.369046
0.382 0.37048
0.383 0.371914
0.384 0.373349
0.385 0.374785
0.386 0.376222
0.387 0.377659
0.388 0.379098
0.389 0.380538
0.39 0.381978
0.391 0.38342
0.392 0.384862
0.393 0.386305
0.394 0.387749
0.395 0.389194
0.396 0.39064
0.397 0.392086
0.398 0.393533
0.399 0.394981
0.4 0.39643
0.401 0.397879
0.402 0.399329
0.403 0.40078
0.404 0.402232
0.405 0.403684
0.406 0.405137
0.407 0.406591
0.408 0.408045
0.409 0.4095
0.41 0.410955
0.411 0.412411
0.412 0.413868
0.413 0.415326
0.414 0.416783
0.415 0.418242
0.416 0.419701
0.417 0.421161
0.418 0.422621
0.419 0.424081
0.42 0.425542
0.421 0.427004
0.422 0.428466
0.423 0.429928
0.424 0.431391
0.425 0.432855
0.426 0.434319
0.427 0.435783
0.428 0.437247
0.429 0.438712
0.43 0.440178
0.431 0.441643
0.432 0.44311
0.433 0.444576
0.434 0.446043
0.435 0.44751
0.436 0.448977
0.437 0.450445
0.438 0.451913
0.439 0.453381
0.44 0.454849
0.441 0.456318
0.442 0.457787
0.443 0.459256
0.444 0.460725
0.445 0.462194
0.446 0.463664
0.447 0.465134
0.448 0.466604
0.449 0.468074
0.45 0.469544
0.451 0.471014
0.452 0.472485
0.453 0.473955
0.454 0.475426
0.455 0.476896
0.456 0.478367
0.457 0.479838
0.458 0.481309
0.459 0.482779
0.46 0.48425
0.461 0.485721
0.462 0.487191
0.463 0.488662
0.464 0.490133
0.465 0.491603
0.466 0.493074
0.467 0.494544
0.468 0.496015
0.469 0.497485
0.47 0.498955
0.471 0.500425
0.472 0.501895
0.473 0.503364
0.474 0.504834
0.475 0.506303
0.476 0.507772
0.477 0.509241
0.478 0.51071
0.479 0.512178
0.48 0.513647
0.481 0.515115
0.482 0.516582
0.483 0.51805
0.484 0.519517
0.485 0.520984
0.486 0.52245
0.487 0.523916
0.488 0.525382
0.489 0.526848
0.49 0.528313
0.491 0.529778
0.492 0.531242
0.493 0.532706
0.494 0.53417
0.495 0.535633
0.496 0.537096
0.497 0.538558
0.498 0.54002
0.499 0.541482
0.5 0.542943
0.501 0.544403
0.502 0.545863
0.503 0.547322
0.504 0.548781
0.505 0.55024
0.506 0.551698
0.507 0.553155
0.508 0.554612
0.509 0.556068
0.51 0.557523
0.511 0.558978
0.512 0.560433
0.513 0.561886
0.514 0.563339
0.515 0.564792
0.516 0.566244
0.517 0.567695
0.518 0.569145
0.519 0.570595
0.52 0.572044
0.521 0.573492
0.522 0.57494
0.523 0.576387
0.524 0.577833
0.525 0.579278
0.526 0.580723
0.527 0.582166
0.528 0.583609
0.529 0.585051
0.53 0.586493
0.531 0.587933
0.532 0.589373
0.533 0.590812
0.534 0.59225
0.535 0.593687
0.536 0.595123
0.537 0.596558
0.538 0.597993
0.539 0.599426
0.54 0.600859
0.541 0.60229
0.542 0.603721
0.543 0.60515
0.544 0.606579
0.545 0.608007
0.546 0.609434
0.547 0.610859
0.548 0.612284
0.549 0.613708
0.55 0.61513
0.551 0.616552
0.552 0.617972
0.553 0.619392
0.554 0.62081
0.555 0.622227
0.556 0.623643
0.557 0.625058
0.558 0.626472
0.559 0.627885
0.56 0.629296
0.561 0.630707
0.562 0.632116
0.563 0.633524
0.564 0.634931
0.565 0.636337
0.566 0.637741
0.567 0.639144
0.568 0.640546
0.569 0.641947
0.57 0.643346
0.571 0.644744
0.572 0.646141
0.573 0.647537
0.574 0.648931
0.575 0.650324
0.576 0.651716
0.577 0.653106
0.578 0.654495
0.579 0.655883
0.58 0.657269
0.581 0.658654
0.582 0.660037
0.583 0.66142
0.584 0.6628
0.585 0.664179
0.586 0.665557
0.587 0.666934
0.588 0.668309
0.589 0.669682
0.59 0.671054
0.591 0.672425
0.592 0.673794
0.593 0.675161
0.594 0.676527
0.595 0.677892
0.596 0.679254
0.597 0.680616
0.598 0.681976
0.599 0.683334
0.6 0.684691
0.601 0.686046
0.602 0.687399
0.603 0.688751
0.604 0.690101
0.605 0.69145
0.606 0.692797
0.607 0.694142
0.608 0.695486
0.609 0.696828
0.61 0.698168
0.611 0.699507
0.612 0.700844
0.613 0.702179
0.614 0.703512
0.615 0.704844
0.616 0.706174
0.617 0.707502
0.618 0.708829
0.619 0.710154
0.62 0.711476
0.621 0.712798
0.622 0.714117
0.623 0.715434
0.624 0.71675
0.625 0.718064
0.626 0.719376
0.627 0.720686
0.628 0.721994
0.629 0.723301
0.63 0.724605
0.631 0.725908
0.632 0.727208
0.633 0.728507
0.634 0.729804
0.635 0.731099
0.636 0.732392
0.637 0.733683
0.638 0.734972
0.639 0.736259
0.64 0.737544
0.641 0.738827
0.642 0.740108
0.643 0.741387
0.644 0.742664
0.645 0.743939
0.646 0.745212
0.647 0.746483
0.648 0.747752
0.649 0.749019
0.65 0.750283
0.651 0.751546
0.652 0.752806
0.653 0.754065
0.654 0.755321
0.655 0.756575
0.656 0.757827
0.657 0.759077
0.658 0.760324
0.659 0.76157
0.66 0.762813
0.661 0.764054
0.662 0.765293
0.663 0.766529
0.664 0.767764
0.665 0.768996
0.666 0.770226
0.667 0.771453
0.668 0.772679
0.669 0.773902
0.67 0.775123
0.671 0.776341
0.672 0.777558
0.673 0.778772
0.674 0.779983
0.675 0.781193
0.676 0.782399
0.677 0.783604
0.678 0.784806
0.679 0.786006
0.68 0.787204
0.681 0.788399
0.682 0.789591
0.683 0.790782
0.684 0.79197
0.685 0.793155
0.686 0.794338
0.687 0.795519
0.688 0.796697
0.689 0.797872
0.69 0.799046
0.691 0.800216
0.692 0.801385
0.693 0.80255
0.694 0.803713
0.695 0.804874
0.696 0.806032
0.697 0.807188
0.698 0.808341
0.699 0.809491
0.7 0.810639
0.701 0.811785
0.702 0.812927
0.703 0.814068
0.704 0.815205
0.705 0.81634
0.706 0.817472
0.707 0.818602
0.708 0.819729
0.709 0.820854
0.71 0.821975
0.711 0.823094
0.712 0.824211
0.713 0.825324
0.714 0.826435
0.715 0.827544
0.716 0.828649
0.717 0.829752
0.718 0.830852
0.719 0.83195
0.72 0.833044
0.721 0.834136
0.722 0.835225
0.723 0.836312
0.724 0.837395
0.725 0.838476
0.726 0.839554
0.727 0.840629
0.728 0.841701
0.729 0.842771
0.73 0.843837
0.731 0.844901
0.732 0.845962
0.733 0.84702
0.734 0.848075
0.735 0.849127
0.736 0.850177
0.737 0.851223
0.738 0.852267
0.739 0.853307
0.74 0.854345
0.741 0.85538
0.742 0.856411
0.743 0.85744
0.744 0.858466
0.745 0.859489
0.746 0.860509
0.747 0.861526
0.748 0.862539
0.749 0.86355
0.75 0.864558
0.751 0.865563
0.752 0.866565
0.753 0.867564
0.754 0.868559
0.755 0.869552
0.756 0.870541
0.757 0.871528
0.758 0.872511
0.759 0.873491
0.76 0.874469
0.761 0.875443
0.762 0.876413
0.763 0.877381
0.764 0.878346
0.765 0.879307
0.766 0.880266
0.767 0.881221
0.768 0.882173
0.769 0.883121
0.77 0.884067
0.771 0.885009
0.772 0.885948
0.773 0.886884
0.774 0.887817
0.775 0.888746
0.776 0.889673
0.777 0.890596
0.778 0.891515
0.779 0.892432
0.78 0.893345
0.781 0.894255
0.782 0.895161
0.783 0.896064
0.784 0.896964
0.785 0.897861
0.786 0.898754
0.787 0.899644
0.788 0.900531
0.789 0.901414
0.79 0.902294
0.791 0.90317
0.792 0.904043
0.793 0.904913
0.794 0.905779
0.795 0.906642
0.796 0.907501
0.797 0.908357
0.798 0.90921
0.799 0.910059
0.8 0.910905
0.801 0.911747
0.802 0.912586
0.803 0.913421
0.804 0.914253
0.805 0.915081
0.806 0.915906
0.807 0.916727
0.808 0.917545
0.809 0.918359
0.81 0.91917
0.811 0.919977
0.812 0.920781
0.813 0.921581
0.814 0.922377
0.815 0.92317
0.816 0.923959
0.817 0.924745
0.818 0.925527
0.819 0.926306
0.82 0.927081
0.821 0.927852
0.822 0.92862
0.823 0.929384
0.824 0.930144
0.825 0.930901
0.826 0.931654
0.827 0.932403
0.828 0.933149
0.829 0.933891
0.83 0.934629
0.831 0.935364
0.832 0.936095
0.833 0.936822
0.834 0.937545
0.835 0.938265
0.836 0.938981
0.837 0.939693
0.838 0.940402
0.839 0.941106
0.84 0.941807
0.841 0.942504
0.842 0.943197
0.843 0.943887
0.844 0.944573
0.845 0.945255
0.846 0.945933
0.847 0.946607
0.848 0.947277
0.849 0.947944
0.85 0.948606
0.851 0.949265
0.852 0.94992
0.853 0.950571
0.854 0.951218
0.855 0.951862
0.856 0.952501
0.857 0.953136
0.858 0.953768
0.859 0.954395
0.86 0.955019
0.861 0.955639
0.862 0.956255
0.863 0.956866
0.864 0.957474
0.865 0.958078
0.866 0.958678
0.867 0.959274
0.868 0.959866
0.869 0.960454
0.87 0.961038
0.871 0.961617
0.872 0.962193
0.873 0.962765
0.874 0.963333
0.875 0.963896
0.876 0.964456
0.877 0.965012
0.878 0.965563
0.879 0.966111
0.88 0.966654
0.881 0.967193
0.882 0.967728
0.883 0.968259
0.884 0.968786
0.885 0.969309
0.886 0.969828
0.887 0.970342
0.888 0.970852
0.889 0.971359
0.89 0.971861
0.891 0.972359
0.892 0.972852
0.893 0.973342
0.894 0.973827
0.895 0.974308
0.896 0.974785
0.897 0.975258
0.898 0.975726
0.899 0.97619
0.9 0.97665
0.901 0.977106
0.902 0.977557
0.903 0.978005
0.904 0.978447
0.905 0.978886
0.906 0.97932
0.907 0.979751
0.908 0.980176
0.909 0.980598
0.91 0.981015
0.911 0.981428
0.912 0.981836
0.913 0.98224
0.914 0.98264
0.915 0.983036
0.916 0.983427
0.917 0.983814
0.918 0.984196
0.919 0.984574
0.92 0.984948
0.921 0.985317
0.922 0.985682
0.923 0.986042
0.924 0.986398
0.925 0.98675
0.926 0.987097
0.927 0.98744
0.928 0.987778
0.929 0.988112
0.93 0.988441
0.931 0.988766
0.932 0.989086
0.933 0.989402
0.934 0.989714
0.935 0.990021
0.936 0.990323
0.937 0.990621
0.938 0.990915
0.939 0.991204
0.94 0.991488
0.941 0.991768
0.942 0.992043
0.943 0.992314
0.944 0.99258
0.945 0.992842
0.946 0.993099
0.947 0.993351
0.948 0.993599
0.949 0.993843
0.95 0.994081
0.951 0.994315
0.952 0.994545
0.953 0.99477
0.954 0.99499
0.955 0.995206
0.956 0.995416
0.957 0.995623
0.958 0.995824
0.959 0.996021
0.96 0.996214
0.961 0.996401
0.962 0.996584
0.963 0.996763
0.964 0.996936
0.965 0.997105
0.966 0.997269
0.967 0.997429
0.968 0.997583
0.969 0.997733
0.97 0.997879
0.971 0.998019
0.972 0.998155
0.973 0.998286
0.974 0.998412
0.975 0.998534
0.976 0.99865
0.977 0.998762
0.978 0.998869
0.979 0.998972
0.98 0.999069
0.981 0.999162
0.982 0.99925
0.983 0.999333
0.984 0.999411
0.985 0.999484
0.986 0.999553
0.987 0.999617
0.988 0.999676
0.989 0.999729
0.99 0.999779
0.991 0.999823
0.992 0.999862
0.993 0.999897
0.994 0.999926
0.995 0.999951
0.996 0.99997
0.997 0.999985
0.998 0.999995
0.999 1
1 1
