0 2.96423e-05
0.005 2.94464e-05
0.01 0.000209488
0.015 0.000567258
0.02 0.00110026
0.025 0.00180602
0.03 0.00268206
0.035 0.00372593
0.04 0.00493518
0.045 0.00630738
0.05 0.00784012
0.055 0.00953099
0.06 0.0113776
0.065 0.0133776
0.07 0.0155285
0.075 0.0178281
0.08 0.020274
0.085 0.0228638
0.09 0.0255953
0.095 0.0284662
0.1 0.0314741
0.105 0.0346167
0.11 0.0378918
0.115 0.0412972
0.12 0.0448306
0.125 0.0484897
0.13 0.0522724
0.135 0.0561764
0.14 0.0601995
0.145 0.0643395
0.15 0.0685943
0.155 0.0729618
0.16 0.0774396
0.165 0.0820258
0.17 0.0867181
0.175 0.0915145
0.18 0.0964129
0.185 0.101411
0.19 0.106507
0.195 0.111699
0.2 0.116984
0.205 0.122361
0.21 0.127827
0.215 0.133381
0.22 0.139021
0.225 0.144743
0.23 0.150548
0.235 0.156432
0.24 0.162393
0.245 0.16843
0.25 0.17454
0.255 0.180722
0.26 0.186974
0.265 0.193294
0.27 0.199679
0.275 0.206129
0.28 0.21264
0.285 0.219212
0.29 0.225842
0.295 0.232528
0.3 0.239269
0.305 0.246063
0.31 0.252908
0.315 0.259802
0.32 0.266743
0.325 0.273729
0.33 0.280759
0.335 0.287831
0.34 0.294943
0.345 0.302094
0.35 0.309281
0.355 0.316503
0.36 0.323758
0.365 0.331044
0.37 0.33836
0.375 0.345704
0.38 0.353074
0.385 0.360468
0.39 0.367886
0.395 0.375324
0.4 0.382782
0.405 0.390258
0.41 0.39775
0.415 0.405257
0.42 0.412777
0.425 0.420308
0.43 0.427848
0.435 0.435397
0.44 0.442952
0.445 0.450512
0.45 0.458076
0.455 0.465641
0.46 0.473206
0.465 0.48077
0.47 0.488331
0.475 0.495888
0.48 0.503439
0.485 0.510982
0.49 0.518516
0.495 0.52604
0.5 0.533552
0.505 0.54105
0.51 0.548533
0.515 0.556
0.52 0.563449
0.525 0.570879
0.53 0.578287
0.535 0.585674
0.54 0.593037
0.545 0.600374
0.55 0.607686
0.555 0.614969
0.56 0.622223
0.565 0.629446
0.57 0.636637
0.575 0.643795
0.58 0.650918
0.585 0.658004
0.59 0.665054
0.595 0.672064
0.6 0.679034
0.605 0.685962
0.61 0.692847
0.615 0.699688
0.62 0.706484
0.625 0.713233
0.63 0.719933
0.635 0.726584
0.64 0.733185
0.645 0.739733
0.65 0.746228
0.655 0.752669
0.66 0.759054
0.665 0.765382
0.67 0.771651
0.675 0.777861
0.68 0.78401
0.685 0.790098
0.69 0.796122
0.695 0.802082
0.7 0.807976
0.705 0.813803
0.71 0.819563
0.715 0.825253
0.72 0.830873
0.725 0.836421
0.73 0.841897
0.735 0.847299
0.74 0.852627
0.745 0.857878
0.75 0.863051
0.755 0.868147
0.76 0.873163
0.765 0.878098
0.77 0.882952
0.775 0.887723
0.78 0.89241
0.785 0.897012
0.79 0.901528
0.795 0.905957
0.8 0.910298
0.805 0.914549
0.81 0.91871
0.815 0.922779
0.82 0.926756
0.825 0.93064
0.83 0.934429
0.835 0.938123
0.84 0.94172
0.845 0.945219
0.85 0.94862
0.855 0.951921
0.86 0.955121
0.865 0.95822
0.87 0.961216
0.875 0.964109
0.88 0.966897
0.885 0.96958
0.89 0.972156
0.895 0.974624
0.9 0.976984
0.905 0.979235
0.91 0.981376
0.915 0.983405
0.92 0.985322
0.925 0.987126
0.93 0.988816
0.935 0.990391
0.94 0.99185
0.945 0.993192
0.95 0.994417
0.955 0.995523
0.96 0.99651
0.965 0.997377
0.97 0.998122
0.975 0.998745
0.98 0.999245
0.985 0.999622
0.99 0.999874
0.995 1
1 1
