0 0
0.01 0.000299918
0.02 0.00118768
0.03 0.00265128
0.04 0.00467873
0.05 0.00725804
0.06 0.0103772
0.07 0.0140242
0.08 0.0181872
0.09 0.0228539
0.1 0.0280126
0.11 0.0336511
0.12 0.0397575
0.13 0.0463199
0.14 0.0533261
0.15 0.0607642
0.16 0.0686222
0.17 0.0768882
0.18 0.08555
0.19 0.0945958
0.2 0.104013
0.21 0.113791
0.22 0.123917
0.23 0.134378
0.24 0.145163
0.25 0.156261
0.26 0.167658
0.27 0.179343
0.28 0.191305
0.29 0.20353
0.3 0.216007
0.31 0.228724
0.32 0.241669
0.33 0.25483
0.34 0.268195
0.35 0.281752
0.36 0.295489
0.37 0.309394
0.38 0.323455
0.39 0.33766
0.4 0.351997
0.41 0.366453
0.42 0.381018
0.43 0.395679
0.44 0.410424
0.45 0.425241
0.46 0.440118
0.47 0.455043
0.48 0.470004
0.49 0.484989
0.5 0.499986
0.51 0.514983
0.52 0.529968
0.53 0.544929
0.54 0.559854
0.55 0.574731
0.56 0.589548
0.57 0.604294
0.58 0.618955
0.59 0.63352
0.6 0.647977
0.61 0.662315
0.62 0.67652
0.63 0.690582
0.64 0.704487
0.65 0.718225
0.66 0.731782
0.67 0.745148
0.68 0.75831
0.69 0.771256
0.7 0.783973
0.71 0.796451
0.72 0.808677
0.73 0.820639
0.74 0.832325
0.75 0.843723
0.76 0.854822
0.77 0.865608
0.78 0.87607
0.79 0.886197
0.8 0.895975
0.81 0.905394
0.82 0.91444
0.83 0.923103
0.84 0.93137
0.85 0.939229
0.86 0.946668
0.87 0.953674
0.88 0.960238
0.89 0.966345
0.9 0.971984
0.91 0.977143
0.92 0.98181
0.93 0.985974
0.94 0.989621
0.95 0.992741
0.96 0.995321
0.97 0.997348
0.98 0.998812
0.99 0.9997
1 1
