0 0
0.0005 -0
0.001 1.79919e-06
0.0015 5.39509e-06
0.002 1.07852e-05
0.0025 1.7967e-05
0.003 2.69381e-05
0.0035 3.76959e-05
0.004 5.02379e-05
0.0045 6.45618e-05
0.005 8.06649e-05
0.0055 9.85448e-05
0.006 0.000118199
0.0065 0.000139625
0.007 0.000162821
0.0075 0.000187783
0.008 0.00021451
0.0085 0.000242998
0.009 0.000273247
0.0095 0.000305252
0.01 0.000339012
0.0105 0.000374523
0.011 0.000411785
0.0115 0.000450793
0.012 0.000491546
0.0125 0.000534042
0.013 0.000578277
0.0135 0.000624249
0.014 0.000671956
0.0145 0.000721396
0.015 0.000772565
0.0155 0.000825462
0.016 0.000880084
0.0165 0.000936428
0.017 0.000994492
0.0175 0.00105427
0.018 0.00111577
0.0185 0.00117898
0.019 0.0012439
0.0195 0.00131053
0.02 0.00137886
0.0205 0.0014489
0.021 0.00152064
0.0215 0.00159407
0.022 0.0016692
0.0225 0.00174603
0.023 0.00182454
0.0235 0.00190474
0.024 0.00198663
0.0245 0.0020702
0.025 0.00215546
0.0255 0.00224239
0.026 0.002331
0.0265 0.00242128
0.027 0.00251323
0.0275 0.00260685
0.028 0.00270214
0.0285 0.00279909
0.029 0.00289771
0.0295 0.00299798
0.03 0.00309991
0.0305 0.00320349
0.031 0.00330873
0.0315 0.00341562
0.032 0.00352415
0.0325 0.00363433
0.033 0.00374614
0.0335 0.0038596
0.034 0.0039747
0.0345 0.00409143
0.035 0.0042098
0.0355 0.00432979
0.036 0.00445142
0.0365 0.00457466
0.037 0.00469953
0.0375 0.00482603
0.038 0.00495414
0.0385 0.00508386
0.039 0.0052152
0.0395 0.00534815
0.04 0.00548271
0.0405 0.00561888
0.041 0.00575665
0.0415 0.00589602
0.042 0.00603699
0.0425 0.00617955
0.043 0.00632371
0.0435 0.00646947
0.044 0.00661681
0.0445 0.00676574
0.045 0.00691625
0.0455 0.00706835
0.046 0.00722202
0.0465 0.00737728
0.047 0.00753411
0.0475 0.00769251
0.048 0.00785248
0.0485 0.00801402
0.049 0.00817713
0.0495 0.0083418
0.05 0.00850803
0.0505 0.00867582
0.051 0.00884517
0.0515 0.00901607
0.052 0.00918852
0.0525 0.00936252
0.053 0.00953807
0.0535 0.00971516
0.054 0.00989379
0.0545 0.010074
0.055 0.0102557
0.0555 0.0104389
0.056 0.0106237
0.0565 0.01081
0.057 0.0109979
0.0575 0.0111872
0.058 0.0113781
0.0585 0.0115705
0.059 0.0117644
0.0595 0.0119599
0.06 0.0121568
0.0605 0.0123553
0.061 0.0125553
0.0615 0.0127568
0.062 0.0129598
0.0625 0.0131642
0.063 0.0133702
0.0635 0.0135777
0.064 0.0137867
0.0645 0.0139972
0.065 0.0142092
0.0655 0.0144226
0.066 0.0146375
0.0665 0.014854
0.067 0.0150719
0.0675 0.0152913
0.068 0.0155121
0.0685 0.0157345
0.069 0.0159583
0.0695 0.0161835
0.07 0.0164103
0.0705 0.0166385
0.071 0.0168682
0.0715 0.0170993
0.072 0.0173319
0.0725 0.0175659
0.073 0.0178014
0.0735 0.0180384
0.074 0.0182768
0.0745 0.0185166
0.075 0.0187579
0.0755 0.0190007
0.076 0.0192448
0.0765 0.0194904
0.077 0.0197375
0.0775 0.019986
0.078 0.0202359
0.0785 0.0204872
0.079 0.02074
0.0795 0.0209941
0.08 0.0212498
0.0805 0.0215068
0.081 0.0217652
0.0815 0.0220251
0.082 0.0222863
0.0825 0.022549
0.083 0.0228131
0.0835 0.0230786
0.084 0.0233455
0.0845 0.0236138
0.085 0.0238835
0.0855 0.0241546
0.086 0.024427
0.0865 0.0247009
0.087 0.0249762
0.0875 0.0252528
0.088 0.0255309
0.0885 0.0258103
0.089 0.0260911
0.0895 0.0263732
0.09 0.0266568
0.0905 0.0269417
0.091 0.027228
0.0915 0.0275157
0.092 0.0278047
0.0925 0.0280951
0.093 0.0283868
0.0935 0.02868
0.094 0.0289744
0.0945 0.0292702
0.095 0.0295674
0.0955 0.029866
0.096 0.0301658
0.0965 0.0304671
0.097 0.0307696
0.0975 0.0310735
0.098 0.0313788
0.0985 0.0316854
0.099 0.0319933
0.0995 0.0323026
0.1 0.0326131
0.1005 0.032925
0.101 0.0332383
0.1015 0.0335528
0.102 0.0338687
0.1025 0.0341859
0.103 0.0345045
0.1035 0.0348243
0.104 0.0351454
0.1045 0.0354679
0.105 0.0357917
0.1055 0.0361167
0.106 0.0364431
0.1065 0.0367708
0.107 0.0370997
0.1075 0.03743
0.108 0.0377616
0.1085 0.0380944
0.109 0.0384286
0.1095 0.038764
0.11 0.0391007
0.1105 0.0394388
0.111 0.039778
0.1115 0.0401186
0.112 0.0404604
0.1125 0.0408036
0.113 0.041148
0.1135 0.0414936
0.114 0.0418405
0.1145 0.0421887
0.115 0.0425382
0.1155 0.0428889
0.116 0.0432409
0.1165 0.0435941
0.117 0.0439486
0.1175 0.0443043
0.118 0.0446613
0.1185 0.0450196
0.119 0.0453791
0.1195 0.0457398
0.12 0.0461018
0.1205 0.046465
0.121 0.0468294
0.1215 0.0471951
0.122 0.047562
0.1225 0.0479301
0.123 0.0482995
0.1235 0.0486701
0.124 0.0490419
0.1245 0.049415
0.125 0.0497892
0.1255 0.0501647
0.126 0.0505414
0.1265 0.0509193
0.127 0.0512984
0.1275 0.0516788
0.128 0.0520603
0.1285 0.0524431
0.129 0.052827
0.1295 0.0532121
0.13 0.0535985
0.1305 0.053986
0.131 0.0543747
0.1315 0.0547646
0.132 0.0551558
0.1325 0.0555481
0.133 0.0559415
0.1335 0.0563362
0.134 0.056732
0.1345 0.0571291
0.135 0.0575272
0.1355 0.0579266
0.136 0.0583272
0.1365 0.0587289
0.137 0.0591317
0.1375 0.0595358
0.138 0.059941
0.1385 0.0603474
0.139 0.0607549
0.1395 0.0611636
0.14 0.0615734
0.1405 0.0619844
0.141 0.0623965
0.1415 0.0628098
0.142 0.0632243
0.1425 0.0636398
0.143 0.0640565
0.1435 0.0644744
0.144 0.0648934
0.1445 0.0653135
0.145 0.0657348
0.1455 0.0661572
0.146 0.0665807
0.1465 0.0670054
0.147 0.0674311
0.1475 0.067858
0.148 0.068286
0.1485 0.0687152
0.149 0.0691454
0.1495 0.0695768
0.15 0.0700093
0.1505 0.0704428
0.151 0.0708775
0.1515 0.0713133
0.152 0.0717502
0.1525 0.0721882
0.153 0.0726273
0.1535 0.0730675
0.154 0.0735088
0.1545 0.0739512
0.155 0.0743947
0.1555 0.0748392
0.156 0.0752849
0.1565 0.0757316
0.157 0.0761794
0.1575 0.0766283
0.158 0.0770783
0.1585 0.0775293
0.159 0.0779814
0.1595 0.0784346
0.16 0.0788889
0.1605 0.0793442
0.161 0.0798006
0.1615 0.0802581
0.162 0.0807166
0.1625 0.0811761
0.163 0.0816368
0.1635 0.0820985
0.164 0.0825612
0.1645 0.083025
0.165 0.0834898
0.1655 0.0839557
0.166 0.0844226
0.1665 0.0848906
0.167 0.0853596
0.1675 0.0858296
0.168 0.0863007
0.1685 0.0867728
0.169 0.087246
0.1695 0.0877201
0.17 0.0881953
0.1705 0.0886716
0.171 0.0891488
0.1715 0.0896271
0.172 0.0901064
0.1725 0.0905867
0.173 0.091068
0.1735 0.0915503
0.174 0.0920337
0.1745 0.092518
0.175 0.0930034
0.1755 0.0934898
0.176 0.0939771
0.1765 0.0944655
0.177 0.0949548
0.1775 0.0954452
0.178 0.0959366
0.1785 0.0964289
0.179 0.0969222
0.1795 0.0974166
0.18 0.0979119
0.1805 0.0984082
0.181 0.0989054
0.1815 0.0994037
0.182 0.0999029
0.1825 0.100403
0.183 0.100904
0.1835 0.101406
0.184 0.10191
0.1845 0.102414
0.185 0.102919
0.1855 0.103425
0.186 0.103932
0.1865 0.10444
0.187 0.104949
0.1875 0.105458
0.188 0.105969
0.1885 0.106481
0.189 0.106994
0.1895 0.107507
0.19 0.108022
0.1905 0.108537
0.191 0.109054
0.1915 0.109571
0.192 0.11009
0.1925 0.110609
0.193 0.111129
0.1935 0.11165
0.194 0.112172
0.1945 0.112695
0.195 0.113219
0.1955 0.113744
0.196 0.11427
0.1965 0.114797
0.197 0.115324
0.1975 0.115853
0.198 0.116382
0.1985 0.116912
0.199 0.117444
0.1995 0.117976
0.2 0.118509
0.2005 0.119043
0.201 0.119578
0.2015 0.120114
0.202 0.12065
0.2025 0.121188
0.203 0.121726
0.2035 0.122265
0.204 0.122806
0.2045 0.123347
0.205 0.123889
0.2055 0.124432
0.206 0.124975
0.2065 0.12552
0.207 0.126066
0.2075 0.126612
0.208 0.127159
0.2085 0.127707
0.209 0.128256
0.2095 0.128806
0.21 0.129357
0.2105 0.129908
0.211 0.130461
0.2115 0.131014
0.212 0.131568
0.2125 0.132123
0.213 0.132679
0.2135 0.133236
0.214 0.133793
0.2145 0.134352
0.215 0.134911
0.2155 0.135471
0.216 0.136032
0.2165 0.136594
0.217 0.137156
0.2175 0.13772
0.218 0.138284
0.2185 0.138849
0.219 0.139415
0.2195 0.139982
0.22 0.140549
0.2205 0.141118
0.221 0.141687
0.2215 0.142257
0.222 0.142828
0.2225 0.1434
0.223 0.143972
0.2235 0.144545
0.224 0.145119
0.2245 0.145694
0.225 0.14627
0.2255 0.146847
0.226 0.147424
0.2265 0.148002
0.227 0.148581
0.2275 0.149161
0.228 0.149741
0.2285 0.150322
0.229 0.150904
0.2295 0.151487
0.23 0.152071
0.2305 0.152655
0.231 0.153241
0.2315 0.153826
0.232 0.154413
0.2325 0.155001
0.233 0.155589
0.2335 0.156178
0.234 0.156768
0.2345 0.157359
0.235 0.15795
0.2355 0.158542
0.236 0.159135
0.2365 0.159729
0.237 0.160323
0.2375 0.160918
0.238 0.161514
0.2385 0.162111
0.239 0.162708
0.2395 0.163307
0.24 0.163905
0.2405 0.164505
0.241 0.165106
0.2415 0.165707
0.242 0.166309
0.2425 0.166911
0.243 0.167515
0.2435 0.168119
0.244 0.168723
0.2445 0.169329
0.245 0.169935
0.2455 0.170542
0.246 0.17115
0.2465 0.171758
0.247 0.172368
0.2475 0.172977
0.248 0.173588
0.2485 0.174199
0.249 0.174811
0.2495 0.175424
0.25 0.176038
0.2505 0.176652
0.251 0.177267
0.2515 0.177882
0.252 0.178498
0.2525 0.179115
0.253 0.179733
0.2535 0.180351
0.254 0.18097
0.2545 0.18159
0.255 0.18221
0.2555 0.182831
0.256 0.183453
0.2565 0.184076
0.257 0.184699
0.2575 0.185323
0.258 0.185947
0.2585 0.186572
0.259 0.187198
0.2595 0.187825
0.26 0.188452
0.2605 0.18908
0.261 0.189708
0.2615 0.190337
0.262 0.190967
0.2625 0.191598
0.263 0.192229
0.2635 0.192861
0.264 0.193493
0.2645 0.194126
0.265 0.19476
0.2655 0.195394
0.266 0.196029
0.2665 0.196665
0.267 0.197302
0.2675 0.197939
0.268 0.198576
0.2685 0.199214
0.269 0.199853
0.2695 0.200493
0.27 0.201133
0.2705 0.201774
0.271 0.202415
0.2715 0.203057
0.272 0.2037
0.2725 0.204343
0.273 0.204987
0.2735 0.205632
0.274 0.206277
0.2745 0.206923
0.275 0.207569
0.2755 0.208216
0.276 0.208864
0.2765 0.209512
0.277 0.210161
0.2775 0.21081
0.278 0.21146
0.2785 0.212111
0.279 0.212762
0.2795 0.213414
0.28 0.214066
0.2805 0.214719
0.281 0.215373
0.2815 0.216027
0.282 0.216681
0.2825 0.217337
0.283 0.217993
0.2835 0.218649
0.284 0.219306
0.2845 0.219964
0.285 0.220622
0.2855 0.221281
0.286 0.22194
0.2865 0.2226
0.287 0.223261
0.2875 0.223922
0.288 0.224584
0.2885 0.225246
0.289 0.225909
0.2895 0.226572
0.29 0.227236
0.2905 0.2279
0.291 0.228565
0.2915 0.229231
0.292 0.229897
0.2925 0.230564
0.293 0.231231
0.2935 0.231899
0.294 0.232567
0.2945 0.233236
0.295 0.233905
0.2955 0.234575
0.296 0.235245
0.2965 0.235916
0.297 0.236588
0.2975 0.23726
0.298 0.237932
0.2985 0.238606
0.299 0.239279
0.2995 0.239953
0.3 0.240628
0.3005 0.241303
0.301 0.241979
0.3015 0.242655
0.302 0.243332
0.3025 0.244009
0.303 0.244687
0.3035 0.245365
0.304 0.246044
0.3045 0.246723
0.305 0.247403
0.3055 0.248083
0.306 0.248764
0.3065 0.249445
0.307 0.250127
0.3075 0.250809
0.308 0.251492
0.3085 0.252175
0.309 0.252859
0.3095 0.253543
0.31 0.254228
0.3105 0.254913
0.311 0.255598
0.3115 0.256285
0.312 0.256971
0.3125 0.257658
0.313 0.258346
0.3135 0.259034
0.314 0.259722
0.3145 0.260411
0.315 0.261101
0.3155 0.261791
0.316 0.262481
0.3165 0.263172
0.317 0.263863
0.3175 0.264555
0.318 0.265247
0.3185 0.26594
0.319 0.266633
0.3195 0.267326
0.32 0.26802
0.3205 0.268715
0.321 0.26941
0.3215 0.270105
0.322 0.270801
0.3225 0.271497
0.323 0.272194
0.3235 0.272891
0.324 0.273588
0.3245 0.274286
0.325 0.274985
0.3255 0.275683
0.326 0.276383
0.3265 0.277082
0.327 0.277782
0.3275 0.278483
0.328 0.279184
0.3285 0.279885
0.329 0.280587
0.3295 0.281289
0.33 0.281992
0.3305 0.282695
0.331 0.283398
0.3315 0.284102
0.332 0.284806
0.3325 0.285511
0.333 0.286216
0.3335 0.286922
0.334 0.287627
0.3345 0.288334
0.335 0.28904
0.3355 0.289747
0.336 0.290455
0.3365 0.291163
0.337 0.291871
0.3375 0.292579
0.338 0.293288
0.3385 0.293998
0.339 0.294707
0.3395 0.295418
0.34 0.296128
0.3405 0.296839
0.341 0.29755
0.3415 0.298262
0.342 0.298974
0.3425 0.299686
0.343 0.300399
0.3435 0.301112
0.344 0.301826
0.3445 0.302539
0.345 0.303254
0.3455 0.303968
0.346 0.304683
0.3465 0.305398
0.347 0.306114
0.3475 0.30683
0.348 0.307546
0.3485 0.308263
0.349 0.30898
0.3495 0.309697
0.35 0.310415
0.3505 0.311133
0.351 0.311851
0.3515 0.31257
0.352 0.313289
0.3525 0.314009
0.353 0.314728
0.3535 0.315449
0.354 0.316169
0.3545 0.31689
0.355 0.317611
0.3555 0.318332
0.356 0.319054
0.3565 0.319776
0.357 0.320498
0.3575 0.321221
0.358 0.321944
0.3585 0.322667
0.359 0.323391
0.3595 0.324115
0.36 0.324839
0.3605 0.325563
0.361 0.326288
0.3615 0.327013
0.362 0.327739
0.3625 0.328465
0.363 0.329191
0.3635 0.329917
0.364 0.330644
0.3645 0.331371
0.365 0.332098
0.3655 0.332825
0.366 0.333553
0.3665 0.334281
0.367 0.33501
0.3675 0.335738
0.368 0.336467
0.3685 0.337196
0.369 0.337926
0.3695 0.338656
0.37 0.339386
0.3705 0.340116
0.371 0.340847
0.3715 0.341578
0.372 0.342309
0.3725 0.34304
0.373 0.343772
0.3735 0.344504
0.374 0.345236
0.3745 0.345969
0.375 0.346701
0.3755 0.347434
0.376 0.348167
0.3765 0.348901
0.377 0.349635
0.3775 0.350369
0.378 0.351103
0.3785 0.351837
0.379 0.352572
0.3795 0.353307
0.38 0.354042
0.3805 0.354778
0.381 0.355514
0.3815 0.35625
0.382 0.356986
0.3825 0.357722
0.383 0.358459
0.3835 0.359196
0.384 0.359933
0.3845 0.36067
0.385 0.361408
0.3855 0.362145
0.386 0.362883
0.3865 0.363622
0.387 0.36436
0.3875 0.365099
0.388 0.365838
0.3885 0.366577
0.389 0.367316
0.3895 0.368055
0.39 0.368795
0.3905 0.369535
0.391 0.370275
0.3915 0.371016
0.392 0.371756
0.3925 0.372497
0.393 0.373238
0.3935 0.373979
0.394 0.37472
0.3945 0.375462
0.395 0.376204
0.3955 0.376945
0.396 0.377688
0.3965 0.37843
0.397 0.379172
0.3975 0.379915
0.398 0.380658
0.3985 0.381401
0.399 0.382144
0.3995 0.382887
0.4 0.383631
0.4005 0.384375
0.401 0.385119
0.4015 0.385863
0.402 0.386607
0.4025 0.387351
0.403 0.388096
0.4035 0.388841
0.404 0.389586
0.4045 0.390331
0.405 0.391076
0.4055 0.391821
0.406 0.392567
0.4065 0.393313
0.407 0.394058
0.4075 0.394804
0.408 0.395551
0.4085 0.396297
0.409 0.397043
0.4095 0.39779
0.41 0.398537
0.4105 0.399284
0.411 0.400031
0.4115 0.400778
0.412 0.401525
0.4125 0.402272
0.413 0.40302
0.4135 0.403768
0.414 0.404516
0.4145 0.405264
0.415 0.406012
0.4155 0.40676
0.416 0.407508
0.4165 0.408257
0.417 0.409005
0.4175 0.409754
0.418 0.410503
0.4185 0.411252
0.419 0.412001
0.4195 0.41275
0.42 0.413499
0.4205 0.414249
0.421 0.414998
0.4215 0.415748
0.422 0.416497
0.4225 0.417247
0.423 0.417997
0.4235 0.418747
0.424 0.419497
0.4245 0.420247
0.425 0.420998
0.4255 0.421748
0.426 0.422499
0.4265 0.423249
0.427 0.424
0.4275 0.424751
0.428 0.425502
0.4285 0.426252
0.429 0.427003
0.4295 0.427755
0.43 0.428506
0.4305 0.429257
0.431 0.430008
0.4315 0.43076
0.432 0.431511
0.4325 0.432263
0.433 0.433014
0.4335 0.433766
0.434 0.434518
0.4345 0.43527
0.435 0.436022
0.4355 0.436774
0.436 0.437526
0.4365 0.438278
0.437 0.43903
0.4375 0.439782
0.438 0.440534
0.4385 0.441286
0.439 0.442039
0.4395 0.442791
0.44 0.443544
0.4405 0.444296
0.441 0.445049
0.4415 0.445801
0.442 0.446554
0.4425 0.447307
0.443 0.448059
0.4435 0.448812
0.444 0.449565
0.4445 0.450318
0.445 0.45107
0.4455 0.451823
0.446 0.452576
0.4465 0.453329
0.447 0.454082
0.4475 0.454835
0.448 0.455588
0.4485 0.456341
0.449 0.457094
0.4495 0.457847
0.45 0.4586
0.4505 0.459354
0.451 0.460107
0.4515 0.46086
0.452 0.461613
0.4525 0.462366
0.453 0.463119
0.4535 0.463872
0.454 0.464626
0.4545 0.465379
0.455 0.466132
0.4555 0.466885
0.456 0.467638
0.4565 0.468391
0.457 0.469145
0.4575 0.469898
0.458 0.470651
0.4585 0.471404
0.459 0.472157
0.4595 0.47291
0.46 0.473664
0.4605 0.474417
0.461 0.47517
0.4615 0.475923
0.462 0.476676
0.4625 0.477429
0.463 0.478182
0.4635 0.478935
0.464 0.479688
0.4645 0.480441
0.465 0.481194
0.4655 0.481947
0.466 0.482699
0.4665 0.483452
0.467 0.484205
0.4675 0.484958
0.468 0.48571
0.4685 0.486463
0.469 0.487216
0.4695 0.487968
0.47 0.488721
0.4705 0.489473
0.471 0.490226
0.4715 0.490978
0.472 0.49173
0.4725 0.492483
0.473 0.493235
0.4735 0.493987
0.474 0.494739
0.4745 0.495491
0.475 0.496243
0.4755 0.496995
0.476 0.497747
0.4765 0.498499
0.477 0.499251
0.4775 0.500002
0.478 0.500754
0.4785 0.501506
0.479 0.502257
0.4795 0.503009
0.48 0.50376
0.4805 0.504511
0.481 0.505262
0.4815 0.506013
0.482 0.506764
0.4825 0.507515
0.483 0.508266
0.4835 0.509017
0.484 0.509768
0.4845 0.510518
0.485 0.511269
0.4855 0.512019
0.486 0.51277
0.4865 0.51352
0.487 0.51427
0.4875 0.51502
0.488 0.51577
0.4885 0.51652
0.489 0.51727
0.4895 0.518019
0.49 0.518769
0.4905 0.519518
0.491 0.520268
0.4915 0.521017
0.492 0.521766
0.4925 0.522515
0.493 0.523264
0.4935 0.524013
0.494 0.524761
0.4945 0.52551
0.495 0.526258
0.4955 0.527007
0.496 0.527755
0.4965 0.528503
0.497 0.529251
0.4975 0.529999
0.498 0.530746
0.4985 0.531494
0.499 0.532241
0.4995 0.532989
0.5 0.533736
0.5005 0.534483
0.501 0.53523
0.5015 0.535977
0.502 0.536723
0.5025 0.53747
0.503 0.538216
0.5035 0.538962
0.504 0.539708
0.5045 0.540454
0.505 0.5412
0.5055 0.541946
0.506 0.542691
0.5065 0.543436
0.507 0.544182
0.5075 0.544927
0.508 0.545671
0.5085 0.546416
0.509 0.547161
0.5095 0.547905
0.51 0.548649
0.5105 0.549393
0.511 0.550137
0.5115 0.550881
0.512 0.551624
0.5125 0.552368
0.513 0.553111
0.5135 0.553854
0.514 0.554597
0.5145 0.55534
0.515 0.556082
0.5155 0.556824
0.516 0.557567
0.5165 0.558308
0.517 0.55905
0.5175 0.559792
0.518 0.560533
0.5185 0.561275
0.519 0.562016
0.5195 0.562756
0.52 0.563497
0.5205 0.564238
0.521 0.564978
0.5215 0.565718
0.522 0.566458
0.5225 0.567197
0.523 0.567937
0.5235 0.568676
0.524 0.569415
0.5245 0.570154
0.525 0.570893
0.5255 0.571631
0.526 0.57237
0.5265 0.573108
0.527 0.573845
0.5275 0.574583
0.528 0.575321
0.5285 0.576058
0.529 0.576795
0.5295 0.577531
0.53 0.578268
0.5305 0.579004
0.531 0.57974
0.5315 0.580476
0.532 0.581212
0.5325 0.581947
0.533 0.582683
0.5335 0.583418
0.534 0.584152
0.5345 0.584887
0.535 0.585621
0.5355 0.586355
0.536 0.587089
0.5365 0.587822
0.537 0.588556
0.5375 0.589289
0.538 0.590022
0.5385 0.590754
0.539 0.591487
0.5395 0.592219
0.54 0.592951
0.5405 0.593682
0.541 0.594414
0.5415 0.595145
0.542 0.595876
0.5425 0.596606
0.543 0.597337
0.5435 0.598067
0.544 0.598796
0.5445 0.599526
0.545 0.600255
0.5455 0.600984
0.546 0.601713
0.5465 0.602442
0.547 0.60317
0.5475 0.603898
0.548 0.604626
0.5485 0.605353
0.549 0.60608
0.5495 0.606807
0.55 0.607534
0.5505 0.60826
0.551 0.608986
0.5515 0.609712
0.552 0.610437
0.5525 0.611163
0.553 0.611888
0.5535 0.612612
0.554 0.613337
0.5545 0.614061
0.555 0.614784
0.5555 0.615508
0.556 0.616231
0.5565 0.616954
0.557 0.617677
0.5575 0.618399
0.558 0.619121
0.5585 0.619843
0.559 0.620564
0.5595 0.621285
0.56 0.622006
0.5605 0.622727
0.561 0.623447
0.5615 0.624167
0.562 0.624886
0.5625 0.625606
0.563 0.626325
0.5635 0.627043
0.564 0.627762
0.5645 0.62848
0.565 0.629197
0.5655 0.629915
0.566 0.630632
0.5665 0.631349
0.567 0.632065
0.5675 0.632781
0.568 0.633497
0.5685 0.634212
0.569 0.634927
0.5695 0.635642
0.57 0.636357
0.5705 0.637071
0.571 0.637785
0.5715 0.638498
0.572 0.639211
0.5725 0.639924
0.573 0.640637
0.5735 0.641349
0.574 0.64206
0.5745 0.642772
0.575 0.643483
0.5755 0.644194
0.576 0.644904
0.5765 0.645614
0.577 0.646324
0.5775 0.647033
0.578 0.647742
0.5785 0.648451
0.579 0.649159
0.5795 0.649867
0.58 0.650575
0.5805 0.651282
0.581 0.651989
0.5815 0.652695
0.582 0.653401
0.5825 0.654107
0.583 0.654813
0.5835 0.655518
0.584 0.656222
0.5845 0.656927
0.585 0.657631
0.5855 0.658334
0.586 0.659037
0.5865 0.65974
0.587 0.660443
0.5875 0.661145
0.588 0.661846
0.5885 0.662548
0.589 0.663249
0.5895 0.663949
0.59 0.664649
0.5905 0.665349
0.591 0.666048
0.5915 0.666747
0.592 0.667446
0.5925 0.668144
0.593 0.668842
0.5935 0.66954
0.594 0.670237
0.5945 0.670933
0.595 0.671629
0.5955 0.672325
0.596 0.673021
0.5965 0.673716
0.597 0.67441
0.5975 0.675105
0.598 0.675799
0.5985 0.676492
0.599 0.677185
0.5995 0.677878
0.6 0.67857
0.6005 0.679262
0.601 0.679953
0.6015 0.680644
0.602 0.681334
0.6025 0.682025
0.603 0.682714
0.6035 0.683404
0.604 0.684092
0.6045 0.684781
0.605 0.685469
0.6055 0.686157
0.606 0.686844
0.6065 0.68753
0.607 0.688217
0.6075 0.688903
0.608 0.689588
0.6085 0.690273
0.609 0.690958
0.6095 0.691642
0.61 0.692326
0.6105 0.693009
0.611 0.693692
0.6115 0.694374
0.612 0.695056
0.6125 0.695738
0.613 0.696419
0.6135 0.697099
0.614 0.69778
0.6145 0.698459
0.615 0.699139
0.6155 0.699817
0.616 0.700496
0.6165 0.701174
0.617 0.701851
0.6175 0.702528
0.618 0.703205
0.6185 0.703881
0.619 0.704557
0.6195 0.705232
0.62 0.705906
0.6205 0.706581
0.621 0.707254
0.6215 0.707928
0.622 0.708601
0.6225 0.709273
0.623 0.709945
0.6235 0.710616
0.624 0.711287
0.6245 0.711958
0.625 0.712628
0.6255 0.713298
0.626 0.713967
0.6265 0.714635
0.627 0.715303
0.6275 0.715971
0.628 0.716638
0.6285 0.717305
0.629 0.717971
0.6295 0.718637
0.63 0.719302
0.6305 0.719967
0.631 0.720631
0.6315 0.721295
0.632 0.721958
0.6325 0.722621
0.633 0.723283
0.6335 0.723945
0.634 0.724606
0.6345 0.725267
0.635 0.725927
0.6355 0.726587
0.636 0.727246
0.6365 0.727905
0.637 0.728563
0.6375 0.729221
0.638 0.729878
0.6385 0.730535
0.639 0.731191
0.6395 0.731846
0.64 0.732502
0.6405 0.733156
0.641 0.73381
0.6415 0.734464
0.642 0.735117
0.6425 0.73577
0.643 0.736422
0.6435 0.737073
0.644 0.737725
0.6445 0.738375
0.645 0.739025
0.6455 0.739674
0.646 0.740323
0.6465 0.740972
0.647 0.74162
0.6475 0.742267
0.648 0.742914
0.6485 0.74356
0.649 0.744206
0.6495 0.744851
0.65 0.745496
0.6505 0.74614
0.651 0.746783
0.6515 0.747427
0.652 0.748069
0.6525 0.748711
0.653 0.749352
0.6535 0.749993
0.654 0.750634
0.6545 0.751273
0.655 0.751913
0.6555 0.752551
0.656 0.753189
0.6565 0.753827
0.657 0.754464
0.6575 0.7551
0.658 0.755736
0.6585 0.756372
0.659 0.757006
0.6595 0.757641
0.66 0.758274
0.6605 0.758907
0.661 0.75954
0.6615 0.760172
0.662 0.760803
0.6625 0.761434
0.663 0.762064
0.6635 0.762694
0.664 0.763323
0.6645 0.763952
0.665 0.764579
0.6655 0.765207
0.666 0.765834
0.6665 0.76646
0.667 0.767086
0.6675 0.767711
0.668 0.768335
0.6685 0.768959
0.669 0.769582
0.6695 0.770205
0.67 0.770827
0.6705 0.771449
0.671 0.77207
0.6715 0.77269
0.672 0.77331
0.6725 0.773929
0.673 0.774548
0.6735 0.775166
0.674 0.775783
0.6745 0.7764
0.675 0.777016
0.6755 0.777632
0.676 0.778247
0.6765 0.778861
0.677 0.779475
0.6775 0.780088
0.678 0.7807
0.6785 0.781312
0.679 0.781924
0.6795 0.782535
0.68 0.783145
0.6805 0.783754
0.681 0.784363
0.6815 0.784971
0.682 0.785579
0.6825 0.786186
0.683 0.786793
0.6835 0.787398
0.684 0.788004
0.6845 0.788608
0.685 0.789212
0.6855 0.789816
0.686 0.790418
0.6865 0.79102
0.687 0.791622
0.6875 0.792223
0.688 0.792823
0.6885 0.793422
0.689 0.794021
0.6895 0.79462
0.69 0.795217
0.6905 0.795814
0.691 0.796411
0.6915 0.797007
0.692 0.797602
0.6925 0.798196
0.693 0.79879
0.6935 0.799383
0.694 0.799976
0.6945 0.800568
0.695 0.801159
0.6955 0.801749
0.696 0.802339
0.6965 0.802929
0.697 0.803517
0.6975 0.804105
0.698 0.804693
0.6985 0.805279
0.699 0.805865
0.6995 0.806451
0.7 0.807035
0.7005 0.80762
0.701 0.808203
0.7015 0.808786
0.702 0.809368
0.7025 0.809949
0.703 0.81053
0.7035 0.81111
0.704 0.811689
0.7045 0.812268
0.705 0.812846
0.7055 0.813424
0.706 0.814
0.7065 0.814576
0.707 0.815152
0.7075 0.815726
0.708 0.8163
0.7085 0.816874
0.709 0.817446
0.7095 0.818018
0.71 0.81859
0.7105 0.81916
0.711 0.81973
0.7115 0.820299
0.712 0.820868
0.7125 0.821436
0.713 0.822003
0.7135 0.82257
0.714 0.823135
0.7145 0.8237
0.715 0.824265
0.7155 0.824829
0.716 0.825392
0.7165 0.825954
0.717 0.826516
0.7175 0.827076
0.718 0.827637
0.7185 0.828196
0.719 0.828755
0.7195 0.829313
0.72 0.829871
0.7205 0.830427
0.721 0.830983
0.7215 0.831539
0.722 0.832093
0.7225 0.832647
0.723 0.8332
0.7235 0.833753
0.724 0.834304
0.7245 0.834855
0.725 0.835406
0.7255 0.835955
0.726 0.836504
0.7265 0.837052
0.727 0.8376
0.7275 0.838146
0.728 0.838692
0.7285 0.839238
0.729 0.839782
0.7295 0.840326
0.73 0.840869
0.7305 0.841411
0.731 0.841953
0.7315 0.842494
0.732 0.843034
0.7325 0.843573
0.733 0.844112
0.7335 0.84465
0.734 0.845187
0.7345 0.845724
0.735 0.846259
0.7355 0.846794
0.736 0.847329
0.7365 0.847862
0.737 0.848395
0.7375 0.848927
0.738 0.849458
0.7385 0.849989
0.739 0.850518
0.7395 0.851047
0.74 0.851576
0.7405 0.852103
0.741 0.85263
0.7415 0.853156
0.742 0.853681
0.7425 0.854206
0.743 0.854729
0.7435 0.855252
0.744 0.855775
0.7445 0.856296
0.745 0.856817
0.7455 0.857337
0.746 0.857856
0.7465 0.858374
0.747 0.858892
0.7475 0.859409
0.748 0.859925
0.7485 0.86044
0.749 0.860955
0.7495 0.861469
0.75 0.861982
0.7505 0.862494
0.751 0.863005
0.7515 0.863516
0.752 0.864026
0.7525 0.864535
0.753 0.865043
0.7535 0.865551
0.754 0.866058
0.7545 0.866564
0.755 0.867069
0.7555 0.867574
0.756 0.868077
0.7565 0.86858
0.757 0.869082
0.7575 0.869583
0.758 0.870084
0.7585 0.870584
0.759 0.871083
0.7595 0.871581
0.76 0.872078
0.7605 0.872575
0.761 0.87307
0.7615 0.873565
0.762 0.874059
0.7625 0.874553
0.763 0.875045
0.7635 0.875537
0.764 0.876028
0.7645 0.876518
0.765 0.877007
0.7655 0.877496
0.766 0.877984
0.7665 0.878471
0.767 0.878957
0.7675 0.879442
0.768 0.879926
0.7685 0.88041
0.769 0.880893
0.7695 0.881375
0.77 0.881856
0.7705 0.882336
0.771 0.882816
0.7715 0.883295
0.772 0.883773
0.7725 0.88425
0.773 0.884726
0.7735 0.885202
0.774 0.885676
0.7745 0.88615
0.775 0.886623
0.7755 0.887095
0.776 0.887566
0.7765 0.888037
0.777 0.888507
0.7775 0.888975
0.778 0.889443
0.7785 0.88991
0.779 0.890377
0.7795 0.890842
0.78 0.891307
0.7805 0.891771
0.781 0.892234
0.7815 0.892696
0.782 0.893157
0.7825 0.893617
0.783 0.894077
0.7835 0.894536
0.784 0.894994
0.7845 0.895451
0.785 0.895907
0.7855 0.896362
0.786 0.896817
0.7865 0.89727
0.787 0.897723
0.7875 0.898175
0.788 0.898626
0.7885 0.899076
0.789 0.899526
0.7895 0.899974
0.79 0.900422
0.7905 0.900869
0.791 0.901315
0.7915 0.90176
0.792 0.902204
0.7925 0.902647
0.793 0.90309
0.7935 0.903531
0.794 0.903972
0.7945 0.904412
0.795 0.904851
0.7955 0.905289
0.796 0.905726
0.7965 0.906163
0.797 0.906598
0.7975 0.907033
0.798 0.907466
0.7985 0.907899
0.799 0.908331
0.7995 0.908762
0.8 0.909193
0.8005 0.909622
0.801 0.91005
0.8015 0.910478
0.802 0.910905
0.8025 0.911331
0.803 0.911755
0.8035 0.91218
0.804 0.912603
0.8045 0.913025
0.805 0.913446
0.8055 0.913867
0.806 0.914286
0.8065 0.914705
0.807 0.915123
0.8075 0.91554
0.808 0.915956
0.8085 0.916371
0.809 0.916785
0.8095 0.917198
0.81 0.917611
0.8105 0.918022
0.811 0.918433
0.8115 0.918842
0.812 0.919251
0.8125 0.919659
0.813 0.920066
0.8135 0.920472
0.814 0.920877
0.8145 0.921281
0.815 0.921685
0.8155 0.922087
0.816 0.922489
0.8165 0.922889
0.817 0.923289
0.8175 0.923688
0.818 0.924085
0.8185 0.924482
0.819 0.924878
0.8195 0.925273
0.82 0.925668
0.8205 0.926061
0.821 0.926453
0.8215 0.926844
0.822 0.927235
0.8225 0.927624
0.823 0.928013
0.8235 0.928401
0.824 0.928787
0.8245 0.929173
0.825 0.929558
0.8255 0.929942
0.826 0.930325
0.8265 0.930707
0.827 0.931088
0.8275 0.931468
0.828 0.931848
0.8285 0.932226
0.829 0.932603
0.8295 0.93298
0.83 0.933355
0.8305 0.93373
0.831 0.934103
0.8315 0.934476
0.832 0.934848
0.8325 0.935218
0.833 0.935588
0.8335 0.935957
0.834 0.936325
0.8345 0.936692
0.835 0.937058
0.8355 0.937423
0.836 0.937787
0.8365 0.93815
0.837 0.938512
0.8375 0.938874
0.838 0.939234
0.8385 0.939593
0.839 0.939951
0.8395 0.940309
0.84 0.940665
0.8405 0.941021
0.841 0.941375
0.8415 0.941729
0.842 0.942081
0.8425 0.942433
0.843 0.942783
0.8435 0.943133
0.844 0.943482
0.8445 0.943829
0.845 0.944176
0.8455 0.944522
0.846 0.944867
0.8465 0.945211
0.847 0.945553
0.8475 0.945895
0.848 0.946236
0.8485 0.946576
0.849 0.946915
0.8495 0.947253
0.85 0.94759
0.8505 0.947926
0.851 0.948261
0.8515 0.948595
0.852 0.948928
0.8525 0.94926
0.853 0.949591
0.8535 0.949921
0.854 0.95025
0.8545 0.950578
0.855 0.950905
0.8555 0.951231
0.856 0.951556
0.8565 0.95188
0.857 0.952203
0.8575 0.952525
0.858 0.952846
0.8585 0.953167
0.859 0.953486
0.8595 0.953804
0.86 0.954121
0.8605 0.954437
0.861 0.954752
0.8615 0.955066
0.862 0.955379
0.8625 0.955691
0.863 0.956002
0.8635 0.956312
0.864 0.956621
0.8645 0.956929
0.865 0.957236
0.8655 0.957542
0.866 0.957847
0.8665 0.958151
0.867 0.958454
0.8675 0.958756
0.868 0.959057
0.8685 0.959357
0.869 0.959656
0.8695 0.959954
0.87 0.960251
0.8705 0.960546
0.871 0.960841
0.8715 0.961135
0.872 0.961428
0.8725 0.961719
0.873 0.96201
0.8735 0.9623
0.874 0.962588
0.8745 0.962876
0.875 0.963163
0.8755 0.963448
0.876 0.963733
0.8765 0.964016
0.877 0.964298
0.8775 0.96458
0.878 0.96486
0.8785 0.965139
0.879 0.965418
0.8795 0.965695
0.88 0.965971
0.8805 0.966246
0.881 0.96652
0.8815 0.966794
0.882 0.967066
0.8825 0.967337
0.883 0.967606
0.8835 0.967875
0.884 0.968143
0.8845 0.96841
0.885 0.968676
0.8855 0.96894
0.886 0.969204
0.8865 0.969467
0.887 0.969728
0.8875 0.969989
0.888 0.970248
0.8885 0.970506
0.889 0.970764
0.8895 0.97102
0.89 0.971275
0.8905 0.971529
0.891 0.971782
0.8915 0.972034
0.892 0.972285
0.8925 0.972535
0.893 0.972784
0.8935 0.973031
0.894 0.973278
0.8945 0.973524
0.895 0.973768
0.8955 0.974012
0.896 0.974254
0.8965 0.974495
0.897 0.974736
0.8975 0.974975
0.898 0.975213
0.8985 0.97545
0.899 0.975686
0.8995 0.975921
0.9 0.976154
0.9005 0.976387
0.901 0.976619
0.9015 0.976849
0.902 0.977079
0.9025 0.977307
0.903 0.977534
0.9035 0.977761
0.904 0.977986
0.9045 0.97821
0.905 0.978433
0.9055 0.978654
0.906 0.978875
0.9065 0.979095
0.907 0.979313
0.9075 0.979531
0.908 0.979747
0.9085 0.979963
0.909 0.980177
0.9095 0.98039
0.91 0.980602
0.9105 0.980813
0.911 0.981023
0.9115 0.981231
0.912 0.981439
0.9125 0.981645
0.913 0.981851
0.9135 0.982055
0.914 0.982258
0.9145 0.98246
0.915 0.982661
0.9155 0.982861
0.916 0.98306
0.9165 0.983258
0.917 0.983454
0.9175 0.98365
0.918 0.983844
0.9185 0.984037
0.919 0.984229
0.9195 0.98442
0.92 0.98461
0.9205 0.984799
0.921 0.984986
0.9215 0.985173
0.922 0.985358
0.9225 0.985543
0.923 0.985726
0.9235 0.985908
0.924 0.986089
0.9245 0.986269
0.925 0.986447
0.9255 0.986625
0.926 0.986801
0.9265 0.986976
0.927 0.987151
0.9275 0.987324
0.928 0.987495
0.9285 0.987666
0.929 0.987836
0.9295 0.988004
0.93 0.988172
0.9305 0.988338
0.931 0.988503
0.9315 0.988667
0.932 0.98883
0.9325 0.988991
0.933 0.989152
0.9335 0.989311
0.934 0.98947
0.9345 0.989627
0.935 0.989783
0.9355 0.989938
0.936 0.990091
0.9365 0.990244
0.937 0.990395
0.9375 0.990545
0.938 0.990694
0.9385 0.990842
0.939 0.990989
0.9395 0.991135
0.94 0.991279
0.9405 0.991423
0.941 0.991565
0.9415 0.991706
0.942 0.991846
0.9425 0.991985
0.943 0.992122
0.9435 0.992259
0.944 0.992394
0.9445 0.992528
0.945 0.992661
0.9455 0.992793
0.946 0.992923
0.9465 0.993053
0.947 0.993181
0.9475 0.993308
0.948 0.993434
0.9485 0.993559
0.949 0.993682
0.9495 0.993805
0.95 0.993926
0.9505 0.994046
0.951 0.994165
0.9515 0.994283
0.952 0.994399
0.9525 0.994515
0.953 0.994629
0.9535 0.994742
0.954 0.994854
0.9545 0.994965
0.955 0.995074
0.9555 0.995183
0.956 0.99529
0.9565 0.995396
0.957 0.995501
0.9575 0.995604
0.958 0.995707
0.9585 0.995808
0.959 0.995908
0.9595 0.996007
0.96 0.996105
0.9605 0.996201
0.961 0.996296
0.9615 0.996391
0.962 0.996484
0.9625 0.996575
0.963 0.996666
0.9635 0.996755
0.964 0.996843
0.9645 0.99693
0.965 0.997016
0.9655 0.997101
0.966 0.997184
0.9665 0.997266
0.967 0.997347
0.9675 0.997427
0.968 0.997506
0.9685 0.997583
0.969 0.997659
0.9695 0.997734
0.97 0.997808
0.9705 0.997881
0.971 0.997952
0.9715 0.998022
0.972 0.998091
0.9725 0.998159
0.973 0.998226
0.9735 0.998291
0.974 0.998355
0.9745 0.998418
0.975 0.99848
0.9755 0.99854
0.976 0.998599
0.9765 0.998657
0.977 0.998714
0.9775 0.99877
0.978 0.998824
0.9785 0.998878
0.979 0.998929
0.9795 0.99898
0.98 0.99903
0.9805 0.999078
0.981 0.999125
0.9815 0.999171
0.982 0.999216
0.9825 0.999259
0.983 0.999301
0.9835 0.999342
0.984 0.999382
0.9845 0.99942
0.985 0.999458
0.9855 0.999494
0.986 0.999529
0.9865 0.999562
0.987 0.999594
0.9875 0.999626
0.988 0.999655
0.9885 0.999684
0.989 0.999712
0.9895 0.999738
0.99 0.999763
0.9905 0.999786
0.991 0.999809
0.9915 0.99983
0.992 0.99985
0.9925 0.999869
0.993 0.999886
0.9935 0.999902
0.994 0.999917
0.9945 0.999931
0.995 0.999944
0.9955 0.999955
0.996 0.999965
0.9965 0.999974
0.997 0.999981
0.9975 0.999987
0.998 0.999992
0.9985 0.999996
0.999 0.999999
0.9995 1
1 1
