0 0
0.0025 -0
0.005 -1.97676e-11
0.0075 -7.51594e-11
0.01 -1.42978e-10
0.0125 -1.61068e-10
0.015 -7.84237e-11
0.0175 5.21427e-11
0.02 -2.85605e-11
0.0225 -1.92147e-10
0.025 -2.40658e-10
0.0275 4.44369e-11
0.03 7.33629e-10
0.0325 1.58607e-09
0.035 1.6988e-09
0.0375 5.99472e-10
0.04 -1.62461e-09
0.0425 -3.51673e-09
0.045 -2.9075e-09
0.0475 -8.91734e-10
0.05 2.63456e-09
0.0525 5.32176e-09
0.055 3.84861e-09
0.0575 3.95665e-10
0.06 -4.57822e-09
0.0625 -7.33443e-09
0.065 -3.65911e-09
0.0675 1.55924e-09
0.07 6.64628e-09
0.0725 6.97778e-09
0.075 -3.27513e-10
0.0775 -6.08761e-09
0.08 -7.10473e-09
0.0825 -3.93937e-10
0.085 1.1165e-08
0.0875 1.44616e-08
0.09 7.60433e-09
0.0925 -5.57681e-09
0.095 -1.806e-08
0.0975 -1.71942e-08
0.1 3.68782e-09
0.1025 1.92628e-08
0.105 2.01985e-08
0.1075 -1.21484e-11
0.11 -2.93025e-08
0.1125 -2.67227e-08
0.115 1.27503e-09
0.1175 3.39319e-08
0.12 5.06363e-08
0.1225 3.17152e-08
0.125 -8.56684e-09
0.1275 2.117e-08
0.13 6.89076e-08
0.1325 7.77377e-08
0.135 4.16429e-09
0.1375 -1.28511e-07
0.14 -1.84531e-07
0.1425 -1.21255e-07
0.145 3.68129e-08
0.1475 2.17634e-07
0.15 2.58073e-07
0.1525 3.56651e-08
0.155 -1.69453e-07
0.1575 -2.51789e-07
0.16 -7.80963e-08
0.1625 3.11877e-07
0.165 4.8089e-07
0.1675 2.14703e-07
0.17 -5.07086e-07
0.1725 -1.35265e-06
0.175 -1.76141e-06
0.1775 -2.06281e-06
0.18 -1.22237e-06
0.1825 4.89282e-07
0.185 8.52578e-07
0.1875 -4.04996e-06
0.19 -1.12928e-05
0.1925 -1.75757e-05
0.195 -1.28956e-05
0.1975 7.71498e-06
0.2 3.52492e-05
0.2025 4.5978e-05
0.205 3.24984e-05
0.2075 -2.09698e-05
0.21 -8.95342e-05
0.2125 -0.00010978
0.215 -6.84779e-05
0.2175 5.42368e-05
0.22 0.00017574
0.2225 0.000125176
0.225 -6.34643e-05
0.2275 -0.000314426
0.23 -0.000393364
0.2325 -0.000243177
0.235 0.000198073
0.2375 0.000626566
0.24 0.000422064
0.2425 -0.000220034
0.245 -0.000935794
0.2475 -0.000784289
0.25 0.000176647
0.2525 0.00169337
0.255 0.00254845
0.2575 0.00196503
0.26 -0.00104381
0.2625 -0.00522782
0.265 -0.0069703
0.2675 -0.00532733
0.27 0.000596782
0.2725 0.00485628
0.275 -0.00590762
0.2775 -0.0386542
0.28 -0.0983701
0.2825 -0.123462
0.285 -0.0637909
0.2875 0.0798316
0.29 0.197169
0.2925 0.0964158
0.295 -0.113251
0.2975 -0.268398
0.3 -0.0744024
0.3025 0.270976
0.305 0.51789
0.3075 0.328552
0.31 -0.0372721
0.3125 -0.480279
0.315 -0.633516
0.3175 -0.172139
0.32 0.317585
0.3225 0.637879
0.325 0.456536
0.3275 -0.23103
0.33 -0.403142
0.3325 -0.089188
0.335 0.53368
0.3375 0.975082
0.34 0.645778
0.3425 0.01967
0.345 -0.810153
0.3475 -1.20777
0.35 -0.516957
0.3525 0.354448
0.355 1.1634
0.3575 1.25733
0.36 0.356014
0.3625 0.11442
0.365 0.0893965
0.3675 0.0784061
0.37 -0.0240156
0.3725 -0.214724
0.375 -0.282876
0.3775 -0.0199854
0.38 0.558274
0.3825 0.999985
0.385 0.955791
0.3875 0.379958
0.39 -0.167525
0.3925 0.781264
0.395 5.22657
0.3975 9.85602
0.4 11.7416
0.4025 6.14453
0.405 -5.8866
0.4075 -12.4594
0.41 6.59667
0.4125 31.1542
0.415 36.1641
0.4175 19.2946
0.42 -24.6403
0.4225 -71.4025
0.425 -74.8164
0.4275 -40.0755
0.43 48.9292
0.4325 144.16
0.435 151.765
0.4375 81.1964
0.44 -99.5421
0.4425 -292.687
0.445 -307.656
0.4475 -164.047
0.45 202.42
0.4525 592.821
0.455 620.602
0.4575 327.423
0.46 -412.398
0.4625 -1192.85
0.465 -1232.74
0.4675 -628.538
0.47 844.101
0.4725 2348.58
0.475 2323.95
0.4775 1040.88
0.48 -1766.67
0.4825 -4335.45
0.485 -3680.61
0.4875 -916.296
0.49 3338.6
0.4925 5095.74
0.495 -775.06
0.4975 -8897.15
0.5 -13097.4
0.5025 -8084.08
0.505 -4685.04
0.5075 234.563
0.51 4234.4
0.5125 588.156
0.515 -17100.6
0.5175 -31577.3
0.52 -25415.9
0.5225 -17463.6
0.525 -635.746
0.5275 15830.9
0.53 6635.19
0.5325 -54316.3
0.535 -93883.5
0.5375 -36559.1
0.54 48474.9
0.5425 121972
0.545 118021
0.5475 20939.6
0.55 13105.3
0.5525 35061.9
0.555 41220.2
0.5575 -3374.59
0.56 -93136.5
0.5625 -132924
0.565 -27230.5
0.5675 235012
0.57 502008
0.5725 547875
0.575 162672
0.5775 -351160
0.58 125112
0.5825 929135
0.585 1.22333e+06
0.5875 225381
0.59 -2.07194e+06
0.5925 -4.21217e+06
0.595 -4.17844e+06
0.5975 -14105.5
0.6 5.99267e+06
0.6025 5.51461e+06
0.605 -125584
0.6075 -6.85585e+06
0.61 -1.05452e+07
0.6125 -7.15695e+06
0.615 468314
0.6175 -6.67899e+06
0.62 -1.89311e+07
0.6225 -2.63634e+07
0.625 -2.34422e+07
0.6275 -2.34255e+07
0.63 -7.93005e+07
0.6325 -1.18729e+08
0.635 -8.31509e+07
0.6375 3.95166e+07
0.64 1.50327e+08
0.6425 3.62233e+07
0.645 -1.25902e+08
0.6475 -9.40571e+07
0.65 4.69947e+07
0.6525 1.74618e+08
0.655 1.1395e+08
0.6575 -2.66434e+08
0.66 -8.64417e+08
0.6625 -9.27989e+08
0.665 1.92861e+08
0.6675 1.18788e+09
0.67 1.31814e+09
0.6725 -2.39859e+07
0.675 -2.30664e+09
0.6775 -3.12299e+09
0.68 -2.39913e+09
0.6825 -1.18551e+09
0.685 -2.44159e+08
0.6875 -1.87343e+09
0.69 -9.52131e+09
0.6925 -2.69847e+10
0.695 -3.49949e+10
0.6975 -1.94443e+10
0.7 2.33894e+10
0.7025 6.88599e+10
0.705 6.97182e+10
0.7075 3.15657e+10
0.71 -4.75842e+10
0.7125 -1.04683e+11
0.715 -3.64264e+10
0.7175 9.23186e+10
0.72 1.94697e+11
0.7225 1.40158e+11
0.725 7.63968e+09
0.7275 -1.75699e+11
0.73 -2.6714e+11
0.7325 -1.15751e+11
0.735 8.17222e+10
0.7375 2.50264e+11
0.74 2.20768e+11
0.7425 -8.73303e+10
0.745 -3.08915e+11
0.7475 -2.92574e+11
0.75 4.8744e+10
0.7525 5.09019e+11
0.755 4.73171e+11
0.7575 1.50201e+11
0.76 -1.92091e+10
0.7625 -8.46529e+10
0.765 -2.15296e+10
0.7675 1.7854e+11
0.77 4.21551e+11
0.7725 5.57259e+11
0.775 4.48348e+11
0.7775 3.9526e+11
0.78 1.55056e+12
0.7825 2.44471e+12
0.785 1.82258e+12
0.7875 -6.79192e+11
0.79 -3.15825e+12
0.7925 -1.24191e+12
0.795 4.37013e+12
0.7975 1.16814e+13
0.8 1.2602e+13
0.8025 -7.05731e+11
0.805 -2.51915e+13
0.8075 -4.10136e+13
0.81 -3.20469e+13
0.8125 9.42267e+12
0.815 1.8362e+13
0.8175 1.59515e+12
0.82 -2.90007e+13
0.8225 -4.73677e+13
0.825 -2.5731e+13
0.8275 6.66859e+12
0.83 4.10335e+13
0.8325 4.71954e+13
0.835 2.3739e+12
0.8375 -4.0037e+13
0.84 -6.07121e+13
0.8425 -3.85594e+13
0.845 7.4271e+12
0.8475 -3.43051e+13
0.85 -9.49757e+13
0.8525 -1.01668e+14
0.855 -2.86517e+12
0.8575 1.61466e+14
0.86 2.05634e+14
0.8625 1.04644e+14
0.865 -8.4326e+13
0.8675 -2.7886e+14
0.87 -3.23159e+14
0.8725 -1.49244e+14
0.875 -1.46263e+14
0.8775 -1.20655e+14
0.88 1.99927e+13
0.8825 2.46435e+14
0.885 3.85718e+14
0.8875 3.14439e+14
0.89 -9.01477e+13
0.8925 -5.69151e+14
0.895 -4.22908e+14
0.8975 -1.13311e+14
0.9 -3.358e+14
0.9025 -5.54983e+14
0.905 -2.8065e+14
0.9075 7.31148e+14
0.91 2.13202e+15
0.9125 3.08575e+15
0.915 1.98277e+15
0.9175 -1.21834e+15
0.92 -3.67258e+15
0.9225 1.80395e+14
0.925 4.87235e+15
0.9275 3.40194e+15
0.93 -1.16967e+15
0.9325 -4.66841e+15
0.935 -4.54947e+15
0.9375 1.0653e+15
0.94 9.82705e+15
0.9425 1.34108e+16
0.945 8.52407e+15
0.9475 -4.80798e+15
0.95 -3.79363e+15
0.9525 6.04309e+15
0.955 1.678e+16
0.9575 1.78401e+16
0.96 4.96049e+15
0.9625 1.58969e+15
0.965 1.31432e+15
0.9675 1.1263e+15
0.97 -6.3052e+14
0.9725 -4.01181e+15
0.975 -6.05863e+15
0.9775 -3.87303e+15
0.98 1.22821e+15
0.9825 -1.54132e+15
0.985 -7.08424e+15
0.9875 -9.63116e+15
0.99 -4.43534e+15
0.9925 6.20856e+15
0.995 5.47692e+15
0.9975 1
1 1
