0 0 0
0.01000000000000000021 0.0006069915510988797228 0.0006069918075893368514
0.02000000000000000042 0.002399303006418873445 0.002399303518953427306
0.02999999999999999889 0.005333966331200430677 0.005333967099051331595
0.04000000000000000083 0.009368074644294469011 0.009368075666456199269
0.05000000000000000278 0.0144588127195227293 0.01445881399471568574
0.06000000000000000472 0.02056348739658573829 0.02056348892326029243
0.07000000000000000666 0.02763955787150648366 0.02763955964784700625
0.08000000000000000167 0.035644665836716799 0.03564466786064601767
0.08999999999999999667 0.04453666544104184499 0.04453666771022518622
0.09999999999999999167 0.0542736530400156833 0.05427365555186602908
0.1099999999999999867 0.06481399670716823935 0.06481399945885063518
0.1199999999999999817 0.07611636547715924794 0.07611636846559571845
0.1299999999999999767 0.08813975829189997502 0.08813976151377495016
0.1399999999999999856 0.1008435326210962713 0.1008435360728615615
0.1499999999999999944 0.1141874327289680857 0.1141874364068482528
0.1600000000000000033 0.1281316175592493445 0.1281316214592471692
0.1700000000000000122 0.142636688210949325 0.1426366923288514554
0.1800000000000000211 0.1576637149777599667 0.1576637193091432465
0.19000000000000003 0.173174263924425087 0.1731742684646614405
0.2000000000000000389 0.1891304229738428044 0.1891304277181063975
0.2100000000000000477 0.2054948274791577045 0.2054948324224298295
0.2200000000000000566 0.2222306852556048262 0.2222306903926812849
0.2300000000000000655 0.2393018010474027568 0.2393018063728995504
0.2400000000000000744 0.2566726004055505661 0.256672605913910501
0.2500000000000000555 0.2743081529529621254 0.2743081586384614745
0.2600000000000000644 0.2921741950139807864 0.2921742008707354232
0.2700000000000000733 0.3102371515859386197 0.3102371576079113735
0.2800000000000000822 0.3284641576310800559 0.3284641638120869844
0.290000000000000091 0.3468230786678345168 0.3468230850015520117
0.3000000000000000999 0.3652825306411194295 0.3652825371210909333
0.3100000000000001088 0.3838118990520620333 0.3838119056717052002
0.3200000000000001177 0.4023813573282626344 0.4023813640808764358
0.3300000000000001266 0.420961884416469867 0.4209618912952404202
0.3400000000000001354 0.439525281580304461 0.4395252885783140773
0.3500000000000001443 0.4580441883864570518 0.4580441954966900653
0.3600000000000001532 0.4764920978635812654 0.4764921050789314716
0.3700000000000001621 0.4948433708189231006 0.4948433781322005842
0.380000000000000171 0.5130732492985573545 0.5130732567024962609
0.3900000000000001799 0.531157869177948383 0.5311578766652140793
0.4000000000000001887 0.5490742718704084702 0.5490742794336034294
0.4100000000000001976 0.5668004151418996051 0.5668004227735723433
0.4200000000000002065 0.5843151830215066456 0.5843151907141577173
0.4300000000000002154 0.6015983947977997515 0.6015984025438896321
0.4400000000000002243 0.6186308130922089088 0.618630820884164212
0.4500000000000002331 0.6353941510014435856 0.6353941588316642797
0.460000000000000242 0.6518710783019059374 0.6518710861627736719
0.4700000000000002509 0.6680452267099801222 0.6680452345938630021
0.4800000000000002598 0.6839011941929982186 0.6839012020922594637
0.4900000000000002687 0.6994245483266382513 0.6994245562336429689
0.500000000000000222 0.7146018286954316512 0.714601836602551943
0.5100000000000002309 0.7294205483340182594 0.7294205562336424364
0.5200000000000002398 0.7438691942077224617 0.743869202092259707
0.5300000000000002487 0.7579372267319753886 0.7579372345938630851
0.5400000000000002576 0.7716150783310633532 0.7716150861627737445
0.5500000000000002665 0.7848941510376187258 0.7848941588316642459
0.5600000000000002753 0.7977668131352224634 0.7977668208841641739
0.5700000000000002842 0.8102263948474383026 0.8102264025438894457
0.5800000000000002931 0.8222671830775235557 0.8222671907141576586
0.590000000000000302 0.8338844152040162383 0.8338844227735731085
0.6000000000000003109 0.8450742719383158574 0.8450742794336036923
0.6100000000000003197 0.8558338692513070001 0.8558338766652140439
0.6200000000000003286 0.8661612493770007859 0.8661612567024965514
0.6300000000000003375 0.8760553709020587609 0.8760553781322009126
0.6400000000000003464 0.8855160979509919539 0.8855161050789317478
0.6500000000000003553 0.8945441884777035613 0.8945441954966901754
0.6600000000000003642 0.9031412816749284644 0.9031412885783143274
0.670000000000000373 0.911309884513993973 0.9113098912952408703
0.6800000000000003819 0.919053357428194384 0.9190533640808764559
0.6900000000000003908 0.9263758991538970644 0.9263759056717053575
0.7000000000000003997 0.9332825307443426421 0.9332825371210913268
0.7100000000000004086 0.9397790787719241257 0.9397790850015526054
0.7200000000000004174 0.9458721577355098109 0.9458721638120870523
0.7300000000000004263 0.9515691516901811919 0.9515691576079117198
0.7400000000000004352 0.9568781951175114875 0.9568782008707352738
0.7500000000000004441 0.961808153055261017 0.9618081586384619186
0.760000000000000453 0.9663686005061074002 0.9663686059139102724
0.7700000000000004619 0.9705698011457200014 0.9705698063728993574
0.7800000000000004707 0.9744226853512006903 0.9744226903926813677
0.7900000000000004796 0.9779388275715713563 0.977938832422430071
0.8000000000000004885 0.9811304230626364253 0.9811304277181069899
0.8100000000000004974 0.9840102640091897834 0.9840102684646616638
0.8200000000000005063 0.9865917150581196005 0.9865917193091435777
0.8300000000000005151 0.9888886882865624006 0.9888886923288513486
0.840000000000000524 0.990915617629815948 0.9909156214592473866
0.8500000000000005329 0.9926874327942341036 0.9926874364068485335
0.8600000000000005418 0.994219532680855389 0.9942195360728622866
0.8700000000000005507 0.9955277583460018231 0.9955277615137752001
0.8800000000000005596 0.9966283655255102625 0.9966283684655961039
0.8900000000000005684 0.9975379967497399747 0.9975379994588502441
0.9000000000000005773 0.9982736530768463457 0.9982736555518663124
0.9100000000000005862 0.9988526654722431619 0.9988526677102251838
0.9200000000000005951 0.9992926658624782243 0.9992926678606459667
0.930000000000000604 0.9996115578921000999 0.9996115596478474252
0.9400000000000006128 0.9998274874123694866 0.9998274889232607876
0.9500000000000006217 0.999958812730947999 0.9999588139947159782
0.9600000000000006306 1.000024074651911121 1.000024075666456458
0.9700000000000006395 1.000041966335659449 1.000041967099051465
0.9800000000000006484 1.000031303008480643 1.000031303518953862
0.9900000000000006573 1.000010991551633754 1.000010991807590344
1.000000000000000666 0.9999999999999994449 1.000000000000000444
