0 0 0
0.02500000000000000139 0.003726499548290654069 0.003726524796593744249
0.05000000000000000278 0.01445876371260441592 0.01445881399471568574
0.0750000000000000111 0.03152854857905159486 0.03152862351311350175
0.1000000000000000056 0.05427355650887922406 0.05427365555186602908
0.125 0.08204036342413924265 0.08204048587870615972
0.1499999999999999944 0.114187291384896944 0.1141874364068482528
0.1749999999999999889 0.1500872087475863814 0.1500873753539223587
0.1999999999999999833 0.1891302406406049075 0.1891304277181061755
0.2249999999999999778 0.2307263730461642792 0.2307265793604634796
0.2499999999999999722 0.2743079344333669845 0.2743081586384611414
0.2749999999999999667 0.3193319396424155743 0.3193321802905658702
0.2999999999999999889 0.3652822815691281755 0.3652825371210908223
0.3250000000000000111 0.4116717571372986995 0.411672025972831257
0.3500000000000000333 0.4580439150681052674 0.4580441954966900653
0.3750000000000000555 0.5039747140544563742 0.5039750043261790324
0.4000000000000000777 0.5490739811170786133 0.5490742794336034294
0.4250000000000000999 0.5929866611510935526 0.592986965676671085
0.4500000000000001221 0.6353938499592151068 0.6353941588316640576
0.4750000000000001443 0.6760136044025766289 0.6760139157441731328
0.500000000000000111 0.7146015246743311344 0.7146018366025521651
0.5250000000000001332 0.7509511051061241727 0.7509514157441734561
0.5500000000000001554 0.7848938513445914422 0.7848941588316642459
0.5750000000000001776 0.8162991631754562549 0.8162994656766711099
0.6000000000000001998 0.845073983717649635 0.8450742794336030261
0.625000000000000222 0.8711622171502940715 0.8711625043261792545
0.6500000000000002442 0.894543918562450302 0.8945441954966897313
0.6750000000000002665 0.9152342609204804358 0.915234525972831392
0.7000000000000002887 0.9332822855220093139 0.9332825371210908827
0.7250000000000003109 0.9487694436403590892 0.9487696802905665194
0.7500000000000003331 0.961807938350699998 0.9618081586384614745
0.7750000000000003553 0.9725388767611049534 0.9725390793604633544
0.8000000000000003775 0.9811302440406343139 0.9811304277181061018
0.8250000000000003997 0.9877747117352209116 0.9877748753539226101
0.8500000000000004219 0.9926872938838331439 0.9926874364068480894
0.8750000000000004441 0.9961028653857300075 0.9961029858787067148
0.9000000000000004663 0.9982735579189029318 0.9982736555518663124
0.9250000000000004885 0.9994660494647367166 0.9994661235131134802
0.9500000000000005107 0.9999587641498635104 0.9999588139947155341
0.9750000000000005329 1.000038999669118356 1.00003902479659379
1.000000000000000444 0.9999999999999995559 1.000000000000000444
