0 0 0
0.001000000000000000021 6.134424940808233255e-06 6.134424943360101273e-06
0.002000000000000000042 2.450902898862078791e-05 2.450902899372303656e-05
0.003000000000000000062 5.508080624928092154e-05 5.508080625693523302e-05
0.004000000000000000083 9.78067514406662068e-05 9.780675145087090738e-05
0.005000000000000000104 0.0001526438601986982097 0.0001526438602114515986
0.006000000000000000125 0.000219549129383342942 0.0002195491293986474857
0.007000000000000000146 0.0002984795573845995076 0.0002984795574024548537
0.008000000000000000167 0.0003893921444284731566 0.0003893921444488822325
0.009000000000000001055 0.0004922438928829310674 0.0004922438929058879642
0.01000000000000000194 0.0006069918075638358742 0.0006069918075893368514
0.01100000000000000283 0.0007335928960408561296 0.000733592896068911704
0.01200000000000000372 0.0008720041689433485768 0.0008720041689739554958
0.01300000000000000461 0.001022182640266211095 0.001022182640299365564
0.0140000000000000055 0.001184085327675702412 0.00118408532771140107
0.01500000000000000638 0.00135766925281522355 0.00135766925285346618
0.01600000000000000727 0.001542891441611064134 0.001542891441651851603
0.01700000000000000816 0.00173970892457810263 0.001739708924621441444
0.01800000000000000905 0.001948078737125462237 0.001948078737171343722
0.01900000000000000994 0.002167957919862120372 0.002167957919910541709
0.02000000000000001082 0.002399303518902463298 0.002399303518953427306
0.02100000000000001171 0.00264207258617179001 0.002642072586225285846
0.0220000000000000126 0.002896222179711758441 0.002896222179767801719
0.02300000000000001349 0.003161709363985765967 0.00316170936404434888
0.02400000000000001438 0.003438491210184274616 0.003438491210245406271
0.02500000000000001527 0.003726524796530065586 0.003726524796593744249
0.02600000000000001615 0.004025767208583420909 0.004025767208649624895
0.02700000000000001704 0.004336175539547240491 0.00433617553961598845
0.02800000000000001793 0.004657706890572080663 0.004657706890643362185
0.02900000000000001882 0.004990318371061108586 0.004990318371134935815
0.03000000000000001971 0.005333967098974982946 0.005333967099051345473
0.03100000000000002059 0.005688610201136647462 0.005688610201215527074
0.03200000000000002148 0.00605420481353603334 0.006054204813617458658
0.03300000000000002237 0.006430708081634683645 0.006430708081718639058
0.03400000000000002326 0.006818077160670263197 0.006818077160756760846
0.03500000000000002415 0.007216269215960990392 0.007216269216050022473
0.03600000000000002504 0.007625241423209963218 0.00762524142330150978
0.03700000000000002592 0.008044950968809380307 0.008044950968903466504
0.03800000000000002681 0.008475355050144664851 0.008475355050241259458
0.0390000000000000277 0.008916410875898461014 0.008916410875997579644
0.04000000000000002859 0.009368075666354546208 0.009368075666456227024
0.04100000000000002948 0.00983030665370160546 0.009830306653805798156
0.04200000000000003036 0.01030306108233689996 0.01030306108244360974
0.04300000000000003125 0.01078629620916981592 0.01078629620927901156
0.04400000000000003214 0.01127996930392528158 0.01127996930403701858
0.04500000000000003303 0.01178403764944705931 0.01178403764956131861
0.04600000000000003392 0.01229845854200092327 0.01229845854211769618
0.04700000000000003481 0.0128231892915776826 0.01282318929169695698
0.04800000000000003569 0.01335818722219608325 0.01335818722231787992
0.04900000000000003658 0.0139034096722055675 0.01390340967232989167
0.05000000000000003747 0.01445881399458889306 0.01445881399471571349
0.05100000000000003836 0.01502435755726459765 0.01502435755739392476
0.05200000000000003925 0.01559999774338934227 0.01559999774352116564
0.05300000000000004013 0.01618569195166007224 0.0161856919517944231
0.05400000000000004102 0.01678139759661605515 0.0167813975967529283
0.05500000000000004191 0.01738707210894072097 0.01738707210908008172
0.0560000000000000428 0.01800267293576339467 0.01800267293590523954
0.05700000000000004369 0.01862815754096083451 0.01862815754110516697
0.05800000000000004458 0.01926348340545859864 0.01926348340560543604
0.05900000000000004546 0.01990860802753226938 0.01990860802768160132
0.06000000000000004635 0.02056348892310849025 0.02056348892326032018
0.06100000000000004724 0.02122808362606582941 0.02122808362622014
0.06200000000000004813 0.02190234968853546973 0.02190234968869228527
0.06300000000000004208 0.02258624468120170106 0.02258624468136100072
0.06400000000000004297 0.02327972619360228757 0.02327972619376406094
0.06500000000000004385 0.02398275183442856451 0.02398275183459283588
0.06600000000000004474 0.02469527923182538928 0.02469527923199216213
0.06700000000000004563 0.02541726603369093632 0.02541726603386018635
0.06800000000000004652 0.02614866990797622831 0.02614866990814793124
0.06900000000000004741 0.0268894485429845044 0.02688944854315866717
0.07000000000000004829 0.02763955964767038365 0.02763955964784703401
0.07100000000000004918 0.028398960951938855 0.02839896095211799643
0.07200000000000005007 0.02916761020694398632 0.02916761020712557717
0.07300000000000005096 0.02994546518538751187 0.02994546518557156256
0.07400000000000005185 0.03073248368181709378 0.03073248368200362513
0.07500000000000005274 0.03152862351292454179 0.03152862351311352951
0.07600000000000005362 0.03233384251784361674 0.03233384251803508858
0.07700000000000005451 0.03314809855844775416 0.03314809855864170318
0.0780000000000000554 0.03397134951964752431 0.03397134951984390194
0.07900000000000005629 0.03480355330968777638 0.03480355330988663121
0.08000000000000005718 0.03564466786044475505 0.03564466786064607318
0.08100000000000005806 0.03649465112772276587 0.03649465112792654731
0.08200000000000005895 0.03735346109155075062 0.0373534610917569676
0.08300000000000005984 0.03822105575647851555 0.03822105575668721666
0.08400000000000006073 0.03909739315187284181 0.03909739315208393684
0.08500000000000006162 0.0399824313322132488 0.03998243133242679326
0.08600000000000006251 0.04087612837738754251 0.04087612837760351558
0.08700000000000006339 0.04177844239298711404 0.04177844239320555042
0.08800000000000006428 0.04268933151060200215 0.04268933151082282551
0.08900000000000006517 0.04360875388811567832 0.04360875388833895805
0.09000000000000006606 0.04453666770999954727 0.04453666771022518622
0.09100000000000006695 0.04547303118760725321 0.04547303118783535547
0.09200000000000006783 0.04641780255946867384 0.0464178025596991839
0.09300000000000006872 0.0473709400915836229 0.04737094009181658238
0.09400000000000006961 0.04833240207771535846 0.04833240207795075349
0.0950000000000000705 0.04930214683968373729 0.04930214683992156788
0.09600000000000007139 0.05028013272765814029 0.05028013272789838561
0.09700000000000007228 0.05126631812045009257 0.05126631812069271099
0.09800000000000007316 0.05226066142580563373 0.05226066142605068077
0.09900000000000007405 0.05326312108069737594 0.05326312108094477527
0.1000000000000000749 0.05427365555161624278 0.05427365555186608459
0.1010000000000000758 0.05529222333486303459 0.05529222333511529808
0.1020000000000000767 0.05631878295683952207 0.05631878295709419335
0.1030000000000000776 0.05735329297433940099 0.05735329297459640374
0.1040000000000000785 0.05839571197483885145 0.0583957119750982967
0.1050000000000000794 0.05944599857678685428 0.05944599857704868651
0.1060000000000000803 0.06050411142989519514 0.06050411143015943516
0.1070000000000000812 0.06157000921542805233 0.06157000921569460994
0.108000000000000082 0.06264365064649143888 0.06264365064676041817
0.1090000000000000829 0.06372499446832227687 0.06372499446859358763
0.1100000000000000838 0.06481399945857700684 0.0648139994588507462
0.1110000000000000847 0.06591062442762012086 0.06591062442789619169
0.1120000000000000856 0.06701482821881223073 0.06701482821909066079
0.1130000000000000865 0.06812656970879776841 0.06812656970907859932
0.1140000000000000874 0.06924580780779247824 0.0692458078080756545
0.1150000000000000883 0.07037250145987049288 0.07037250146015600061
0.1160000000000000892 0.0715066096432511733 0.07150660964353899862
0.11700000000000009 0.07264809137058542143 0.07264809137087563373
0.1180000000000000909 0.07379690568924188177 0.07379690568953445329
0.1190000000000000918 0.07495301168159265726 0.07495301168188761576
0.1200000000000000927 0.07611636846529863665 0.07611636846559588498
0.1210000000000000936 0.07728693519359469688 0.07728693519389429056
0.1220000000000000945 0.07846467105557430877 0.07846467105587623392
0.1230000000000000954 0.07964953527647392062 0.079649535276778205
0.1240000000000000963 0.08084148711795689779 0.08084148711826355527
0.1250000000000000833 0.08204048587839732343 0.08204048587870621523
0.1260000000000000842 0.08324649089316302208 0.08324649089347424535
0.127000000000000085 0.08445946153489869435 0.08445946153521222133
0.1280000000000000859 0.08567935721380830205 0.08567935721412417438
0.1290000000000000868 0.0869061373779373425 0.08690613737825553242
0.1300000000000000877 0.08813976151345462307 0.0881397615137751167
0.1310000000000000886 0.08938018914493360556 0.08938018914525636127
0.1320000000000000895 0.09062737983563354249 0.09062737983595858804
0.1330000000000000904 0.09188129318778005816 0.09188129318810750457
0.1340000000000000913 0.09314188884284552161 0.09314188884317525785
0.1350000000000000921 0.09440912648182882283 0.09440912648216071013
0.136000000000000093 0.09568296582553492691 0.09568296582586921506
0.1370000000000000939 0.09696336663485402574 0.09696336663519056209
0.1380000000000000948 0.09825028871104013461 0.09825028871137891917
0.1390000000000000957 0.09954369189598945289 0.09954369189633055504
0.1400000000000000966 0.1008435360725183222 0.1008435360728616725
0.1410000000000000975 0.1021497811646406989 0.1021497811649862975
0.1420000000000000984 0.1034623871378451965 0.1034623871381930571
0.1430000000000000993 0.104781313999371864 0.1047813139997219589
0.1440000000000001001 0.1061065217984883818 0.1061065217988407805
0.145000000000000101 0.1074379706267660217 0.1074379706271206825
0.1460000000000001019 0.1087756206183549956 0.1087756206187118213
0.1470000000000001028 0.1101194319502595276 0.1101194319506186292
0.1480000000000001037 0.1114693648426124534 0.1114693648429739281
0.1490000000000001046 0.1128253795589493902 0.1128253795593129327
0.1500000000000001055 0.1141874364064824621 0.1141874364068482528
0.1510000000000001064 0.1155554957363736784 0.1155554957367417312
0.1520000000000001072 0.1169295179440077159 0.1169295179443780586
0.1530000000000001081 0.1183094634692645197 0.1183094634696370551
0.154000000000000109 0.1196952927967911695 0.119695292797165842
0.1550000000000001099 0.1210869664562734399 0.1210869664566502912
0.1560000000000001108 0.1224844450227070558 0.1224844450230862525
0.1570000000000001117 0.1238876891166682537 0.1238876891170495598
0.1580000000000001126 0.1252966594045839821 0.1252966594049675364
0.1590000000000001135 0.1267113165990018941 0.1267113165993877244
0.1600000000000001144 0.128131621458859285 0.1281316214592472802
0.1610000000000001152 0.1295575347897523488 0.1295575347901424257
0.1620000000000001161 0.1309890174442041866 0.1309890174445965672
0.163000000000000117 0.1324260303219332024 0.1324260303223276924
0.1640000000000001179 0.1338685343701200847 0.1338685343705168229
0.1650000000000001188 0.1353164905836751197 0.1353164905840739118
0.1660000000000001197 0.1367698600055046732 0.1367698600059056302
0.1670000000000001206 0.1382286037267771717 0.1382286037271803769
0.1680000000000001215 0.1396926828871887794 0.1396926828875940663
0.1690000000000001223 0.1411620586752282691 0.1411620586756358042
0.1700000000000001232 0.1426366923284420607 0.1426366923288516775
0.1710000000000001241 0.1441165451336978431 0.1441165451341096526
0.172000000000000125 0.1456015784274487246 0.145601578427862588
0.1730000000000001259 0.1470917535959960221 0.1470917535964120226
0.1740000000000001268 0.1485870320757520791 0.148587032076170189
0.1750000000000001277 0.1500873753535023614 0.1500873753539226918
0.1760000000000001286 0.151592744966667331 0.1515927449670897431
0.1770000000000001295 0.1531031025035632653 0.1531031025039877314
0.1780000000000001303 0.154618409603663437 0.1546184096040901235
0.1790000000000001312 0.1561386279578576841 0.156138627958286369
0.1800000000000001321 0.1576637193087125077 0.1576637193091433575
0.181000000000000133 0.1591936454507301146 0.1591936454511629906
0.1820000000000001339 0.1607283682306069605 0.1607283682310419737
0.1830000000000001348 0.162267849547491988 0.162267849547929166
0.1840000000000001357 0.1638120513532442257 0.1638120513536833744
0.1850000000000001366 0.1653609356526896113 0.1653609356531309249
0.1860000000000001374 0.1669144645038780628 0.1669144645043213471
0.1870000000000001383 0.1684726000183390249 0.1684726000187845019
0.1880000000000001392 0.1700353043613372639 0.1700353043617847115
0.1890000000000001401 0.1716025397521277751 0.1716025397525772211
0.190000000000000141 0.1731742684642100794 0.1731742684646616626
0.1910000000000001419 0.1747504528255824641 0.1747504528260359624
0.1920000000000001428 0.1763310552189948921 0.1763310552194505831
0.1930000000000001437 0.1779160380822024101 0.1779160380826600996
0.1940000000000001446 0.1795053639082169472 0.1795053639086766628
0.1950000000000001454 0.1810989952455592522 0.1810989952460210217
0.1960000000000001463 0.1826968946985100539 0.1826968946989738773
0.1970000000000001472 0.1842990249273608327 0.1842990249278266823
0.1980000000000001481 0.1859053486486636764 0.1859053486491315521
0.199000000000000149 0.1875158286354810522 0.1875158286359508431
0.2000000000000001499 0.189130427717634636 0.1891304277181065086
0.2010000000000001508 0.1907491087819537523 0.1907491087824276788
0.2020000000000001517 0.1923718347725233702 0.1923718347729992395
0.2030000000000001525 0.1939985686909311002 0.193998568691408857
0.2040000000000001534 0.1956292735965143026 0.1956292735969941132
0.2050000000000001543 0.1972639126066059734 0.1972639126070878657
0.2060000000000001552 0.1989024488967802706 0.1989024488972640503
0.2070000000000001561 0.2005448457010977625 0.2005448457015833741
0.208000000000000157 0.2021910663123497598 0.202191066312837453
0.2090000000000001579 0.203841074082302065 0.2038410740827918399
0.2100000000000001588 0.205494832421938417 0.2054948324224300515
0.2110000000000001597 0.2071523048017029911 0.2071523048021965963
0.2120000000000001605 0.2088134547517425665 0.2088134547522381146
0.2130000000000001614 0.2104782458621481944 0.2104782458626456298
0.2140000000000001623 0.2121466417831958384 0.2121466417836952445
0.2150000000000001632 0.2138186062255867936 0.2138186062260881704
0.2160000000000001641 0.2154941029606875225 0.2154941029611908698
0.217000000000000165 0.2171730958207688245 0.2171730958212739759
0.2180000000000001659 0.2188555486992440346 0.2188555486997511013
0.2190000000000001668 0.2205414255509072774 0.2205414255514162036
0.2200000000000001676 0.22223069039217061 0.2222306903926813959
0.2210000000000001685 0.2239233073013007225 0.2239233073018134235
0.2220000000000001694 0.225619240418655248 0.2256192404191699197
0.2230000000000001703 0.2273184539469180754 0.2273184539474346622
0.2240000000000001712 0.2290209121513339663 0.2290209121518523849
0.2250000000000001721 0.2307265793599434511 0.2307265793604637016
0.226000000000000173 0.2324354199638159479 0.2324354199643380303
0.2270000000000001739 0.234147398417282715 0.2341473984178067402
0.2280000000000001747 0.2358624792381697755 0.2358624792386958546
0.2290000000000001756 0.2375806270080291493 0.2375806270085568661
0.2300000000000001765 0.239301806372370196 0.2393018063728997724
0.2310000000000001774 0.2410259820408900688 0.2410259820414214493
0.2320000000000001783 0.2427531187877035868 0.2427531187882369101
0.2330000000000001792 0.244483181451572662 0.2444831814521079005
0.2340000000000001801 0.2462161349361345064 0.2462161349366714935
0.235000000000000181 0.2479519442101297821 0.2479519442106684624
0.2360000000000001819 0.2496905743076301143 0.2496905743081706541
0.2370000000000001827 0.2514319903282642987 0.2514319903288066982
0.2380000000000001836 0.2531761574374448154 0.2531761574379889357
0.2390000000000001845 0.2549230408665927872 0.2549230408671387949
0.2400000000000001854 0.2566726059133628834 0.256672605913910612
0.2410000000000001863 0.2584248179418676128 0.2584248179424172287
0.2420000000000001872 0.2601796423829001448 0.2601796423834513705
0.2430000000000001881 0.2619370447341575758 0.2619370447347105779
0.244000000000000189 0.2636969905604628073 0.2636969905610176967
0.2450000000000001898 0.2654594454939859793 0.2654594454945425896
0.2460000000000001907 0.2672243752344654055 0.2672243752350238477
0.2470000000000001916 0.2689917455494272858 0.2689917455499875043
0.2480000000000001925 0.270761522274405475 0.2707615222749675254
0.2490000000000001934 0.2725336713131603639 0.2725336713137240796
0.2500000000000001665 0.2743081586378962045 0.2743081586384613635
0.2510000000000001674 0.2760849502894794916 0.276084950290046649
0.2520000000000001683 0.277864012377655123 0.2778640123782238902
0.2530000000000001692 0.2796453110812623932 0.2796453110818328813
0.2540000000000001701 0.2814288126484507102 0.2814288126490231967
0.255000000000000171 0.2832144833968940345 0.2832144833974681308
0.2560000000000001719 0.285002289714004986 0.2850022897145808587
0.2570000000000001728 0.2867921980571480067 0.2867921980577253782
0.2580000000000001736 0.288584174953852024 0.2885841749544312274
0.2590000000000001745 0.2903781870020226696 0.2903781870026035383
0.2600000000000001754 0.2921742008701530002 0.2921742008707356453
0.2610000000000001763 0.2939721832975344395 0.2939721832981185834
0.2620000000000001772 0.2957721010944663331 0.2957721010950520313
0.2630000000000001781 0.2975739211424653918 0.2975739211430530329
0.264000000000000179 0.2993776103944738032 0.299377610395062943
0.2650000000000001799 0.3011831358750671761 0.3011831358756581478
0.2660000000000001807 0.3029904646806613755 0.3029904646812539015
0.2670000000000001816 0.3047995639797192458 0.3047995639803132706
0.2680000000000001825 0.3066104010129553914 0.3066104010135511926
0.2690000000000001834 0.3084229430935421234 0.3084229430941395345
0.2700000000000001843 0.3102371576073126302 0.3102371576079114845
0.2710000000000001852 0.312053012012965203 0.3120530120135656116
0.2720000000000001861 0.3138704738422655183 0.3138704738428677032
0.273000000000000187 0.3156895107002486434 0.3156895107008523826
0.2740000000000001878 0.317510090265420819 0.3175100902660261681
0.2750000000000001887 0.3193321802899592998 0.3193321802905660922
0.2760000000000001896 0.3211557485999129158 0.321155748600521318
0.2770000000000001905 0.3229807630954004694 0.3229807630960103149
0.2780000000000001914 0.3248071917508095763 0.3248071917514211426
0.2790000000000001923 0.3266350026149945629 0.3266350026156077391
0.2800000000000001932 0.328464163811472476 0.3284641638120873175
0.2810000000000001941 0.3302946435386202584 0.3302946435392364322
0.282000000000000195 0.3321264100698693711 0.3321264100704870437
0.2830000000000001958 0.3339594317539010815 0.3339594317545202529
0.2840000000000001967 0.3357936770148399752 0.335793677015460923
0.2850000000000001976 0.3376291143524475791 0.3376291143530699701
0.2860000000000001985 0.3394657123423144851 0.3394657123429384304
0.2870000000000001994 0.3413034396360520306 0.3413034396366773082
0.2880000000000002003 0.3431422649614837561 0.3431422649621106435
0.2890000000000002012 0.3449821571228348094 0.3449821571234632511
0.2900000000000002021 0.3468230850009222932 0.3468230850015523448
0.2910000000000002029 0.3486650175533434481 0.348665017553974943
0.2920000000000002038 0.3505079238146631693 0.3505079238152961629
0.2930000000000002047 0.352351772896602522 0.3523517728972368479
0.2940000000000002056 0.3541965339882236496 0.3541965339888594189
0.2950000000000002065 0.3560421763561163466 0.3560421763567535036
0.2960000000000002074 0.3578886693445826883 0.3578886693452215662
0.2970000000000002083 0.3597359823758212172 0.3597359823764615383
0.2980000000000002092 0.3615840849501103516 0.361584084950752116
0.2990000000000002101 0.3634329466459905733 0.3634329466466337255
0.3000000000000002109 0.3652825371204467819 0.3652825371210910443
0.3010000000000002118 0.3671328261090891498 0.3671328261097350776
0.3020000000000002127 0.3689837834263330341 0.3689837834269802386
0.3030000000000002136 0.3708353789655791655 0.3708353789662276467
0.3040000000000002145 0.3726875826993915619 0.372687582700041431
0.3050000000000002154 0.3745403646796760522 0.3745403646803274755
0.3060000000000002163 0.3763936950378571344 0.3763936950385099456
0.3070000000000002172 0.3782475439850543908 0.3782475439857084787
0.308000000000000218 0.3801018818122581799 0.3801018818129136001
0.3090000000000002189 0.3819566788905040533 0.3819566788911610278
0.3100000000000002198 0.3838119056710472266 0.3838119056717053112
0.3110000000000002207 0.3856675326855354968 0.3856675326861949138
0.3120000000000002216 0.3875235305461815494 0.3875235305468424096
0.3130000000000002225 0.38937986994593482 0.3893798699465970126
0.3140000000000002234 0.3912365216586523031 0.3912365216593159944
0.3150000000000002243 0.3930934565392682489 0.393093456539932995
0.3160000000000002252 0.3949506455239636948 0.3949506455246299952
0.317000000000000226 0.3968080596303349972 0.3968080596310024077
0.3180000000000002269 0.3986656699575606977 0.398665669958229385
0.3190000000000002278 0.4005234476865696114 0.4005234476872394644
0.3200000000000002287 0.4023813640802051395 0.4023813640808764358
0.3210000000000002296 0.4042393904833923024 0.4042393904840646535
0.3220000000000002305 0.4060974983233005542 0.4060974983239742375
0.3230000000000002314 0.4079556591095082063 0.4079556591101831664
0.3240000000000002323 0.4098138444341650199 0.4098138444348413678
0.3250000000000002331 0.411672025972154132 0.4116720259728317011
0.326000000000000234 0.4135301754812530373 0.4135301754819318276
0.3270000000000002349 0.415388264802293905 0.4153882648029740832
0.3280000000000002358 0.4172462658593235063 0.4172462658600049057
0.3290000000000002367 0.4191041506597611987 0.4191041506604438194
0.3300000000000002376 0.4209618912945569669 0.4209618912952408643
0.3310000000000002385 0.4228194599383491292 0.4228194599390342479
0.3320000000000002394 0.4246768288496196586 0.4246768288503055544
0.3330000000000002403 0.4265339703708495578 0.4265339703715369524
0.3340000000000002411 0.4283908569286739576 0.4283908569293626289
0.335000000000000242 0.4302474610340357164 0.4302474610347255535
0.3360000000000002429 0.4321037552823379646 0.4321037552830289119
0.3370000000000002438 0.4339597123535961498 0.4339597123542882073
0.3380000000000002447 0.4358153050125895822 0.4358153050132829165
0.3390000000000002456 0.4376705061090116478 0.4376705061097059257
0.3400000000000002465 0.4395252885776189111 0.4395252885783145214
0.3410000000000002474 0.4413796254383806628 0.4413796254390773832
0.3420000000000002482 0.44323348979662619 0.4432334897973240206
0.3430000000000002491 0.4450868548431915483 0.4450868548438908778
0.34400000000000025 0.4469396938545664999 0.4469396938552667731
0.3450000000000002509 0.448791980193039175 0.4487919801937405584
0.3460000000000002518 0.4506436873068406235 0.450643687307542784
0.3470000000000002527 0.4524947887302888105 0.4524947887309920258
0.3480000000000002536 0.4543452580839308363 0.4543452580846354394
0.3490000000000002545 0.4561950690746854331 0.4561950690753910909
0.3500000000000002554 0.4580441954959837969 0.4580441954966902873
0.3510000000000002562 0.4598926112279093648 0.4598926112286170209
0.3520000000000002571 0.4617402902373381468 0.4617402902380467467
0.353000000000000258 0.4635872065780759499 0.4635872065787858265
0.3540000000000002589 0.465433334390997322 0.4654333343917083088
0.3550000000000002598 0.4672786479041813323 0.4672786479048931518
0.3560000000000002607 0.4691231214330482402 0.4691231214337612254
0.3570000000000002616 0.4709667293804939425 0.4709667293812078714
0.3580000000000002625 0.4728094462370245887 0.4728094462377396834
0.3590000000000002633 0.4746512465808895298 0.4746512465816057347
0.3600000000000002642 0.4764921050782145451 0.4764921050789316936
0.3610000000000002651 0.478331996483132349 0.4783319964838503857
0.362000000000000266 0.4801708956379140969 0.4801708956386332439
0.3630000000000002669 0.4820087774730990038 0.4820087774738188724
0.3640000000000002678 0.4838456170076235185 0.4838456170083447194
0.3650000000000002687 0.4856813893489493328 0.4856813893496714218
0.3660000000000002696 0.4875160696931902238 0.4875160696939131455
0.3670000000000002705 0.4893496333252391195 0.4893496333259632625
0.3680000000000002713 0.4911820556188932763 0.4911820556196180299
0.3690000000000002722 0.4930133120369786237 0.4930133120377047096
0.3700000000000002731 0.4948433781314739432 0.4948433781322010283
0.371000000000000274 0.4966722295436334922 0.4966722295443615209
0.3720000000000002749 0.4984998420041090728 0.4984998420048376566
0.3730000000000002758 0.5003261913330707689 0.5003261913338001854
0.3740000000000002767 0.5021512534403280714 0.5021512534410585982
0.3750000000000002776 0.5039750043254479506 0.5039750043261794765
0.3760000000000002784 0.5057974200778746487 0.5057974200786070629
0.3770000000000002793 0.5076184768770456435 0.5076184768777787237
0.3780000000000002802 0.5094381509925099971 0.5094381509932437435
0.3790000000000002811 0.5112564187840428209 0.5112564187847776775
0.380000000000000282 0.5130732567017609602 0.513073256702496705
0.3810000000000002829 0.5148886412862364592 0.5148886412869730922
0.3820000000000002838 0.5167025491686099148 0.516702549169347547
0.3830000000000002847 0.5185149570707031641 0.5185149570714415734
0.3840000000000002855 0.5203258418051294187 0.5203258418058684942
0.3850000000000002864 0.5221351802754046201 0.5221351802761444727
0.3860000000000002873 0.5239429494760569073 0.523942949476797537
0.3870000000000002882 0.5257491264927344199 0.5257491264934759378
0.3880000000000002891 0.5275536885023144329 0.527553688503056506
0.38900000000000029 0.5293566127730084947 0.5293566127737519
0.3900000000000002909 0.5311578766644702299 0.5311578766652143013
0.3910000000000002918 0.5329574576278983677 0.5329574576286431054
0.3920000000000002927 0.5347553332061425468 0.5347553332068881726
0.3930000000000002935 0.5365514810338052332 0.5365514810345515251
0.3940000000000002944 0.53834587883734486 0.5383458788380919291
0.3950000000000002953 0.5401385044351771914 0.5401385044359250376
0.3960000000000002962 0.5419293357377751308 0.5419293357385235321
0.3970000000000002971 0.5437183507477693079 0.5437183507485183753
0.398000000000000298 0.5455055275600452225 0.5455055275607949561
0.3990000000000002989 0.547290844361842943 0.5472908443625936759
0.4000000000000002998 0.5490742794328525855 0.5490742794336038735
0.4010000000000003006 0.5508558111453105699 0.5508558111460624129
0.4020000000000003015 0.5526354179640949882 0.5526354179648473863
0.4030000000000003024 0.5544130784468188633 0.5544130784475720386
0.4040000000000003033 0.556188771243924851 0.5561887712446789145
0.4050000000000003042 0.5579624750987756121 0.5579624750995304527
0.4060000000000003051 0.5597341688477466271 0.5597341688485020228
0.407000000000000306 0.5615038314203164571 0.561503831421072741
0.4080000000000003069 0.5632714418391554512 0.5632714418399122902
0.4090000000000003078 0.5650369792202150077 0.5650369792209724018
0.4100000000000003086 0.5668004227728147271 0.5668004227735727873
0.4110000000000003095 0.5685617517997303416 0.568561751800488846
0.4120000000000003104 0.5703209456972782032 0.5703209456980373737
0.4130000000000003113 0.5720779839554011037 0.5720779839561607183
0.4140000000000003122 0.5738328461577516526 0.5738328461585118223
0.4150000000000003131 0.5755855119817754328 0.5755855119825366017
0.416000000000000314 0.5773359611987940454 0.5773359611995556584
0.4170000000000003149 0.5790841736740847123 0.5790841736748471025
0.4180000000000003157 0.5808301293669621002 0.5808301293677251564
0.4190000000000003166 0.5825738083308568127 0.5825738083316203131
0.4200000000000003175 0.5843151907133937728 0.5843151907141581614
0.4210000000000003184 0.586054256756470493 0.5860542567572353256
0.4220000000000003193 0.5877909867963331259 0.5877909867970982916
0.4230000000000003202 0.589525361263651293 0.5895253612644169028
0.4240000000000003211 0.5912573606835944684 0.5912573606843607443
0.425000000000000322 0.592986965675904365 0.5929869656766715291
0.4260000000000003229 0.5947141569549692086 0.5947141569557363727
0.4270000000000003237 0.5964389153298932378 0.5964389153306612901
0.4280000000000003246 0.5981612217045704227 0.5981612217053389191
0.4290000000000003255 0.599881057077752744 0.5998810570785217955
0.4300000000000003264 0.6015984025431201365 0.6015984025438896321
0.4310000000000003273 0.6033132392893477691 0.6033132392901179308
0.4320000000000003282 0.6050255486001745453 0.605025548600944818
0.4330000000000003291 0.6067353118544678292 0.606735311855238546
0.43400000000000033 0.6084425105262902811 0.608442510527061442
0.4350000000000003308 0.610147126184963362 0.6101471261857351891
0.4360000000000003317 0.6118491404951308388 0.6118491404959029989
0.4370000000000003326 0.6135485352168219553 0.6135485352175946705
0.4380000000000003335 0.6152452922055124951 0.6152452922062854324
0.4390000000000003344 0.6169393934121851775 0.6169393934129587809
0.4400000000000003353 0.6186308208833900535 0.618630820884164212
0.4410000000000003362 0.6203195567613031258 0.6203195567620773954
0.4420000000000003371 0.6220055832837829701 0.6220055832845576838
0.443000000000000338 0.6236888827844300209 0.6236888827852051786
0.4440000000000003388 0.6253694376926396403 0.6253694376934149091
0.4450000000000003397 0.6270472305336592944 0.6270472305344356734
0.4460000000000003406 0.628722243928641733 0.6287222439294184451
0.4470000000000003415 0.6303944605946981694 0.6303944605954749925
0.4480000000000003424 0.6320638633449499055 0.6320638633457271727
0.4490000000000003433 0.6337304350885809567 0.6337304350893582239
0.4500000000000003442 0.6353941588308866795 0.6353941588316642797
0.4510000000000003451 0.6370550176733237313 0.6370550176741018866
0.4520000000000003459 0.6387129948135588098 0.6387129948143368541
0.4530000000000003468 0.6403680735455152817 0.6403680735462939921
0.4540000000000003477 0.6420202372594201456 0.6420202372601995222
0.4550000000000003486 0.6436694694418498841 0.6436694694426294827
0.4560000000000003495 0.6453157536757736512 0.6453157536765536939
0.4570000000000003504 0.6469590736405983478 0.6469590736413783905
0.4580000000000003513 0.6485994131122110318 0.6485994131129912965
0.4590000000000003522 0.6502367559630191085 0.6502367559637993732
0.4600000000000003531 0.6518710861619929631 0.651871086162774116
0.4610000000000003539 0.6535023877747050403 0.6535023877754861932
0.4620000000000003548 0.6551306449633683693 0.6551306449641494112
0.4630000000000003557 0.6567558419868745334 0.6567558419876560194
0.4640000000000003566 0.6583779632008314175 0.6583779632016131256
0.4650000000000003575 0.6599969930575975141 0.6599969930583795552
0.4660000000000003584 0.6616129161063188935 0.6616129161071013787
0.4670000000000003593 0.6632257169929614005 0.6632257169937441077
0.4680000000000003602 0.6648353804603457373 0.6648353804611282225
0.469000000000000361 0.6664418913481777729 0.6664418913489602581
0.4700000000000003619 0.6680452345930800728 0.6680452345938630021
0.4710000000000003628 0.6696453952286237632 0.6696453952294070255
0.4720000000000003637 0.6712423583853557307 0.6712423583861391041
0.4730000000000003646 0.6728361092908280439 0.6728361092916117503
0.4740000000000003655 0.6744266332696253752 0.6744266332704089706
0.4750000000000003664 0.6760139157433900925 0.6760139157441737989
0.4760000000000003673 0.6775979422308500144 0.6775979422316340539
0.4770000000000003681 0.6791786983478408368 0.6791786983486247653
0.478000000000000369 0.6807561698073308909 0.6807561698081148194
0.4790000000000003699 0.6823303424194426814 0.6823303424202269429
0.4800000000000003708 0.6839012020914755352 0.6839012020922594637
0.4810000000000003717 0.6854687348279256964 0.685468734828709847
0.4820000000000003726 0.6870329267305059773 0.6870329267312904609
0.4830000000000003735 0.6885937639981649649 0.6885937639989494485
0.4840000000000003744 0.6901512329271042301 0.6901512329278889357
0.4850000000000003753 0.6917053199107953132 0.6917053199115796858
0.4860000000000003761 0.6932560114399959339 0.6932560114407804175
0.487000000000000377 0.6948032941027644238 0.6948032941035493515
0.4880000000000003779 0.6963471545844739374 0.696347154585258421
0.4890000000000003788 0.6978875796678247756 0.6978875796686092592
0.4900000000000003797 0.6994245562328578192 0.6994245562336425248
0.4910000000000003806 0.7009580712569646321 0.7009580712577496708
0.4920000000000003815 0.7024881118148970094 0.7024881118156822701
0.4930000000000003824 0.7040146650787773019 0.7040146650795622296
0.4940000000000003832 0.7055377183181055223 0.705537718318890672
0.4950000000000003841 0.707057258899767449 0.7070572589005521547
0.496000000000000385 0.7085732742880409551 0.7085732742888257718
0.4970000000000003859 0.7100857520445995608 0.7100857520453842664
0.4980000000000003868 0.7115946798285187613 0.7115946798293038
0.4990000000000003877 0.7131000453962792474 0.713100045397063953
0.5000000000000003331 0.7146018366017675705 0.7146018366025523871
0.501000000000000334 0.7161000413962792521 0.7161000413970639578
0.5020000000000003348 0.7175946478285191166 0.7175946478293036002
0.5030000000000003357 0.7190856440445997366 0.7190856440453845533
0.5040000000000003366 0.7205730182880413226 0.7205730182888254731
0.5050000000000003375 0.7220567588997683917 0.7220567589005526532
0.5060000000000003384 0.7235368543181063261 0.7235368543188904766
0.5070000000000003393 0.7250132930787783758 0.7250132930795623043
0.5080000000000003402 0.7264860638148985528 0.7264860638156820372
0.5090000000000003411 0.7279551552569659689 0.7279551552577492313
0.5100000000000003419 0.7294205562328592851 0.7294205562336428805
0.5110000000000003428 0.7308822556678259419 0.7308822556686094263
0.5120000000000003437 0.7323402425844751651 0.7323402425852585385
0.5130000000000003446 0.7337945061027657534 0.7337945061035489047
0.5140000000000003455 0.7352450354399971966 0.735245035440780681
0.5150000000000003464 0.7366918199107967968 0.7366918199115799482
0.5160000000000003473 0.7381348489271059021 0.7381348489278887204
0.5170000000000003482 0.7395741119981666944 0.7395741119989494017
0.5180000000000003491 0.7410095987305077569 0.7410095987312901311
0.5190000000000003499 0.7424412988279275316 0.7424412988287096837
0.5200000000000003508 0.7438692020914772218 0.743869202092259707
0.5210000000000003517 0.7452932984194444721 0.7452932984202267352
0.5220000000000003526 0.746713577807333051 0.74671357780811487
0.5230000000000003535 0.7481300303478433111 0.7481300303486249081
0.5240000000000003544 0.7495426462308526494 0.7495426462316339133
0.5250000000000003553 0.7509514157433926362 0.7509514157441741222
0.5260000000000003562 0.7523563292696276994 0.7523563292704089633
0.527000000000000357 0.7537573772908308101 0.7537573772916112969
0.5280000000000003579 0.7551545503853587249 0.7551545503861389896
0.5290000000000003588 0.756547839228627006 0.7565478392294064935
0.5300000000000003597 0.7579372345930834864 0.757937234593862863
0.5310000000000003606 0.7593227273481807371 0.7593227273489606688
0.5320000000000003615 0.7607043084603491989 0.7607043084611284645
0.5330000000000003624 0.7620819689929648755 0.7620819689937436969
0.5340000000000003633 0.7634557001063222437 0.7634557001071009541
0.5350000000000003642 0.7648254930576008359 0.7648254930583791023
0.536000000000000365 0.76619133920083482 0.7661913392016133084
0.5370000000000003659 0.7675532299868781383 0.7675532299876559605
0.5380000000000003668 0.7689111569633719778 0.768911156964149578
0.5390000000000003677 0.7702651117747086884 0.7702651117754859555
0.5400000000000003686 0.7716150861619969215 0.7716150861627735225
0.5410000000000003695 0.7729610719630229942 0.7729610719637995953
0.5420000000000003704 0.7743030611122150297 0.7743030611129912977
0.5430000000000003713 0.7756410456406025444 0.7756410456413782573
0.5440000000000003721 0.7769750176757774796 0.7769750176765533034
0.545000000000000373 0.7783049694418537889 0.7783049694426289467
0.5460000000000003739 0.7796308932594242513 0.779630893260199187
0.5470000000000003748 0.7809527815455191702 0.7809527815462937728
0.5480000000000003757 0.7822706268135628527 0.7822706268143369002
0.5490000000000003766 0.7835844216733276468 0.7835844216741016943
0.5500000000000003775 0.7848941588308907535 0.784894158831664468
0.5510000000000003784 0.7861998310885851549 0.7861998310893585362
0.5520000000000003793 0.7875014313449539838 0.7875014313457271431
0.5530000000000003801 0.7887989525947021185 0.7887989525954748338
0.554000000000000381 0.7900923879286457785 0.7900923879294177166
0.5550000000000003819 0.7913817305336632302 0.7913817305344350572
0.5560000000000003828 0.7926669736926437171 0.7926669736934155441
0.5570000000000003837 0.7939481107844340579 0.7939481107852053299
0.5580000000000003846 0.7952251352837872433 0.7952251352845580712
0.5590000000000003855 0.7964980407613075908 0.7964980407620776415
0.5600000000000003864 0.7977668208833946784 0.7977668208841639519
0.5610000000000003872 0.799031469412189721 0.7990314694129587725
0.5620000000000003881 0.8002919802055167287 0.8002919802062855581
0.563000000000000389 0.8015483472168265511 0.8015483472175943813
0.5640000000000003899 0.8028005644951353714 0.8028005644959028686
0.5650000000000003908 0.8040486261849679739 0.8040486261857344719
0.5660000000000003917 0.8052925265262950161 0.8052925265270616251
0.5670000000000003926 0.8065322598544727439 0.8065322598552386868
0.5680000000000003935 0.807767820600179598 0.8077678206009453188
0.5690000000000003944 0.8089992032893529306 0.8089992032901176522
0.5700000000000003952 0.8102264025431253902 0.8102264025438896677
0.5710000000000003961 0.811449413077757753 0.8114494130785221415
0.572000000000000397 0.8126682297045754177 0.8126682297053389181
0.5730000000000003979 0.8138828473298984623 0.8138828473306607414
0.5740000000000003988 0.8150932609549744745 0.8150932609557364206
0.5750000000000003997 0.816299465675910052 0.8162994656766713319
0.5760000000000004006 0.8175014566835999696 0.8175014566843608055
0.5770000000000004015 0.8186992292636567914 0.8186992292644175162
0.5780000000000004023 0.819892778796338928 0.8198927787970986536
0.5790000000000004032 0.821082100756476474 0.8210821007572353114
0.5800000000000004041 0.8222671907133998204 0.8222671907141583247
0.581000000000000405 0.8234480443308622721 0.8234480443316203324
0.5820000000000004059 0.8246246573669678837 0.8246246573677251668
0.5830000000000004068 0.8257970256740903015 0.8257970256748470295
0.5840000000000004077 0.8269651451987994895 0.8269651451995554403
0.5850000000000004086 0.8281290119817814599 0.8281290119825361895
0.5860000000000004095 0.8292886221577575601 0.8292886221585120676
0.5870000000000004103 0.8304439719554069788 0.8304439719561611533
0.5880000000000004112 0.8315950576972843677 0.8315950576980377651
0.5890000000000004121 0.8327418757997361309 0.8327418758004889732
0.590000000000000413 0.8338844227728208214 0.8338844227735726644
0.5910000000000004139 0.8350226952202211006 0.8350226952209718334
0.5920000000000004148 0.8361566898391619151 0.8361566898399119818
0.5930000000000004157 0.837286403420323011 0.8372864034210723005
0.5940000000000004166 0.8384118328477533355 0.8384118328485017368
0.5950000000000004174 0.8395329750987819972 0.8395329750995297324
0.5960000000000004183 0.8406498272439315578 0.8406498272446785158
0.5970000000000004192 0.8417623864468255501 0.8417623864475720641
0.5980000000000004201 0.8428706499641012151 0.8428706499648477291
0.599000000000000421 0.8439746151453173528 0.8439746151460620904
0.6000000000000004219 0.8450742794328590657 0.8450742794336036923
0.6010000000000004228 0.8461696403618492734 0.8461696403625931229
0.6020000000000004237 0.8472606955600516798 0.8472606955607950852
0.6030000000000004245 0.8483474427477759594 0.8483474427485180325
0.6040000000000004254 0.8494298797377821675 0.8494298797385235744
0.6050000000000004263 0.8505080044351842616 0.8505080044359250024
0.6060000000000004272 0.851581814837351847 0.8515818148380918107
0.6070000000000004281 0.8526513090338121437 0.8526513090345515522
0.608000000000000429 0.8537164852061497333 0.8537164852068881427
0.6090000000000004299 0.8547773416279057512 0.8547773416286430503
0.6100000000000004308 0.855833876664477633 0.8558338766652140439
0.6110000000000004317 0.8568860887730161968 0.8568860887737517196
0.6120000000000004325 0.8579339765023217268 0.8579339765030564724
0.6130000000000004334 0.8589775384927418322 0.8589775384934759117
0.6140000000000004343 0.8600167734760647553 0.8600167734767976135
0.6150000000000004352 0.8610516802754123455 0.8610516802761447597
0.6160000000000004361 0.8620822578051372531 0.862082257805868224
0.617000000000000437 0.8631085050707110184 0.8631085050714417672
0.6180000000000004379 0.8641304211686181569 0.8641304211693476844
0.6190000000000004388 0.8651480052862442482 0.8651480052869733317
0.6200000000000004396 0.8661612567017691333 0.8661612567024965514
0.6210000000000004405 0.8671701747840511176 0.8671701747847773145
0.6220000000000004414 0.8681747589925181696 0.8681747589932440334
0.6230000000000004423 0.8691750088770540117 0.8691750088777792094
0.6240000000000004432 0.8701709240778832122 0.8701709240786070776
0.6250000000000004441 0.8711625043254567213 0.8711625043261794765
0.626000000000000445 0.8721497494403371853 0.8721497494410586082
0.6270000000000004459 0.8731326593330797081 0.8731326593338004649
0.6280000000000004468 0.8741112340041178319 0.8741112340048380336
0.6290000000000004476 0.8750854735436425225 0.8750854735443609478
0.6300000000000004485 0.8760553781314829314 0.8760553781322004685
0.6310000000000004494 0.87702094803698738 0.877020948037704251
0.6320000000000004503 0.8779821836189021234 0.8779821836196182172
0.6330000000000004512 0.8789390853252484481 0.8789390853259633207
0.6340000000000004521 0.8798916536931995491 0.8798916536939134225
0.635000000000000453 0.8808398893489585157 0.88083988934967139
0.6360000000000004539 0.8817837930076326547 0.8817837930083447517
0.6370000000000004547 0.8827233654731081458 0.8827233654738191326
0.6380000000000004556 0.8836586076379234767 0.8836586076386332422
0.6390000000000004565 0.8845895204831416558 0.8845895204838507553
0.6400000000000004574 0.8855161050782240917 0.8855161050789317478
0.6410000000000004583 0.8864383625808995859 0.8864383625816061318
0.6420000000000004592 0.8873562942370346596 0.8873562942377390961
0.6430000000000004601 0.888269901380503879 0.8882699013812080935
0.644000000000000461 0.8891791854330584055 0.8891791854337607326
0.6450000000000004619 0.8900841479041917692 0.8900841479048930971
0.6460000000000004627 0.8909847903910079747 0.8909847903917076373
0.6470000000000004636 0.891881114578086831 0.8918811145787852723
0.6480000000000004645 0.8927731222373487263 0.8927731222380472786
0.6490000000000004654 0.8936608152279205131 0.893660815228617178
0.6500000000000004663 0.8945441954959943986 0.8945441954966906195
0.6510000000000004672 0.8954232650746962729 0.8954232650753910505
0.6520000000000004681 0.8962980260839412683 0.8962980260846351577
0.653000000000000469 0.8971684807302993114 0.8971684807309916465
0.6540000000000004698 0.8980346313068507946 0.8980346313075426856
0.6550000000000004707 0.8988964801930496851 0.8988964801937404658
0.6560000000000004716 0.8997540298545765314 0.899754029855266424
0.6570000000000004725 0.9006072828432017952 0.9006072828438913547
0.6580000000000004734 0.901456241796636748 0.9014562417973244202
0.6590000000000004743 0.9023009094383912521 0.902300909439077703
0.6600000000000004752 0.9031412885776298749 0.9031412885783143274
0.6610000000000004761 0.9039773821090225647 0.903977382109705907
0.662000000000000477 0.9048091930126003213 0.9048091930132828864
0.6630000000000004778 0.9056367243536070921 0.9056367243542879919
0.6640000000000004787 0.9064599792823488933 0.9064599792830287939
0.6650000000000004796 0.9072789610340462607 0.90727896103472494
0.6660000000000004805 0.9080936729286847031 0.9080936729293633825
0.6670000000000004814 0.908904118370860048 0.908904118371537173
0.6680000000000004823 0.9097103008496303378 0.9097103008503060195
0.6690000000000004832 0.9105122239383598437 0.9105122239390341932
0.6700000000000004841 0.911309891294567409 0.9113098912952408703
0.6710000000000004849 0.9121033066597720174 0.9121033066604433692
0.6720000000000004858 0.9128924738593343635 0.9128924738600048272
0.6730000000000004867 0.9136773968023045311 0.9136773968029734405
0.6740000000000004876 0.9144580794812635638 0.914458079481931474
0.6750000000000004885 0.915234525972164592 0.9152345259728318361
0.6760000000000004894 0.9160067404341756259 0.9160067404348417597
0.6770000000000004903 0.9167747271095186834 0.9167747271101842621
0.6780000000000004912 0.9175384903233114731 0.9175384903239747203
0.6790000000000004921 0.9182980344834031916 0.9182980344840654396
0.6800000000000004929 0.9190533640802160953 0.9190533640808764559
0.6810000000000004938 0.9198044836865805207 0.9198044836872396601
0.6820000000000004947 0.9205513979575715711 0.9205513979582291562
0.6830000000000004956 0.9212941116303460243 0.9212941116310022771
0.6840000000000004965 0.9220326295239746894 0.9220326295246303872
0.6850000000000004974 0.9227669565392789819 0.9227669565399327922
0.6860000000000004983 0.9234970976586631686 0.9234970976593164238
0.6870000000000004992 0.9242230579459458362 0.924223057946597315
0.6880000000000005 0.9249448425461929135 0.9249448425468429491
0.6890000000000005009 0.9256624566855465863 0.9256624566861950676
0.6900000000000005018 0.9263759056710583195 0.9263759056717058016
0.6910000000000005027 0.9270851948905151074 0.9270851948911609242
0.6920000000000005036 0.9277903298122694986 0.927790329812913761
0.6930000000000005045 0.9284913159850657349 0.9284913159857088871
0.6940000000000005054 0.9291881590378687772 0.92918815903850982
0.6950000000000005063 0.9298808646796873356 0.9298808646803276012
0.6960000000000005071 0.9305694386994028955 0.9305694387000418288
0.697000000000000508 0.9312538869655909712 0.9312538869662283503
0.6980000000000005089 0.931934215426344581 0.9319342154269802947
0.6990000000000005098 0.9326104301091004967 0.9326104301097348781
0.7000000000000005107 0.9332825371204582776 0.9332825371210908827
0.7010000000000005116 0.9339505426460023019 0.9339505426466336857
0.7020000000000005125 0.9346144529501224651 0.9346144529507518506
0.7030000000000005134 0.9352742743758327704 0.9352742743764612676
0.7040000000000005143 0.9359300133445946912 0.9359300133452213011
0.7050000000000005151 0.9365816763561283231 0.9365816763567531567
0.706000000000000516 0.9372292699882349698 0.9372292699888600254
0.7070000000000005169 0.9378728008966142893 0.9378728008972370134
0.7080000000000005178 0.9385122758146744459 0.9385122758152966149
0.7090000000000005187 0.9391477015533542527 0.9391477015539746453
0.7100000000000005196 0.939779085000933101 0.9397790850015521613
0.7110000000000005205 0.9404064331228461082 0.9404064331234631702
0.7120000000000005214 0.9410297529614946033 0.941029752962110777
0.7130000000000005222 0.9416490516360629393 0.9416490516366780028
0.7140000000000005231 0.9422643363423254259 0.942264336342938158
0.715000000000000524 0.9428756143524584798 0.9428756143530701017
0.7160000000000005249 0.9434828930148503323 0.943482893015461066
0.7170000000000005258 0.9440861797539115141 0.9440861797545205825
0.7180000000000005267 0.9446854820698802335 0.9446854820704873035
0.7190000000000005276 0.9452808075386305298 0.9452808075392367115
0.7200000000000005285 0.9458721638114822028 0.9458721638120874964
0.7210000000000005294 0.9464595586150043038 0.9464595586156079321
0.7220000000000005302 0.947042999750818848 0.947042999751421366
0.7230000000000005311 0.9476224950954098558 0.9476224950960103754
0.724000000000000532 0.948198052599922403 0.9481980526005213683
0.7250000000000005329 0.9487696802899691084 0.9487696802905656313
0.7260000000000005338 0.9493373862654302942 0.9493373862660257068
0.7270000000000005347 0.949901178700258253 0.9499011787008524443
0.7280000000000005356 0.9504610658422749658 0.9504610658428678249
0.7290000000000005365 0.9510170560129748152 0.9510170560135655649
0.7300000000000005373 0.9515691576073221913 0.9515691576079117198
0.7310000000000005382 0.9521173790935514303 0.9521173790941399595
0.7320000000000005391 0.9526617290129649751 0.9526617290135512839
0.73300000000000054 0.9532022159797285399 0.9532022159803137384
0.7340000000000005409 0.9537388486806711585 0.9537388486812536925
0.7350000000000005418 0.9542716358750767958 0.9542716358756582196
0.7360000000000005427 0.9548005863944833971 0.9548005863950623784
0.7370000000000005436 0.9553257091424752767 0.9553257091430533698
0.7380000000000005445 0.9558470130944767273 0.9558470130950520449
0.7390000000000005453 0.9563645072975442973 0.9563645072981188378
0.7400000000000005462 0.9568782008701623987 0.9568782008707361619
0.7410000000000005471 0.9573881030020318095 0.9573881030026036854
0.742000000000000548 0.9578942229538608411 0.9578942229544318288
0.7430000000000005489 0.958396570057156949 0.9583965700577254943
0.7440000000000005498 0.9588951537140133485 0.9588951537145811166
0.7450000000000005507 0.9593899833969022906 0.9593899833974681712
0.7460000000000005516 0.9598810686484586796 0.9598810686490226729
0.7470000000000005524 0.9603684190812702415 0.9603684190818331246
0.7480000000000005533 0.9608520443776626951 0.9608520443782242459
0.7490000000000005542 0.961331954289487367 0.9613319542900469195
0.7500000000000005551 0.9618081586379048087 0.9618081586384614745
0.751000000000000556 0.9622806673131687472 0.9622806673137245248
0.7520000000000005569 0.9627494902744146987 0.9627494902749673678
0.7530000000000005578 0.9632146375494362589 0.9632146375499877067
0.7540000000000005587 0.963676119234474382 0.9636761192350231653
0.7550000000000005596 0.9641339454939943376 0.9641339454945425658
0.7560000000000005604 0.9645881265604714372 0.9645881265610172228
0.7570000000000005613 0.9650386727341665472 0.9650386727347108895
0.7580000000000005622 0.9654855943829098175 0.9654855943834519394
0.7590000000000005631 0.9659289019418764166 0.9659289019424175393
0.760000000000000564 0.9663686059133719253 0.9663686059139111606
0.7610000000000005649 0.9668047168666016322 0.9668047168671387581
0.7620000000000005658 0.9672372454374537076 0.9672372454379893902
0.7630000000000005667 0.9676662023282730507 0.9676662023288065129
0.7640000000000005675 0.9680915983076386899 0.9680915983081708198
0.7650000000000005684 0.9685134442101384078 0.9685134442106679842
0.7660000000000005693 0.9689317509361432545 0.9689317509366710546
0.7670000000000005702 0.9693465294515811737 0.9693465294521077524
0.7680000000000005711 0.9697577907877127368 0.9697577907882370951
0.769000000000000572 0.9701655460408988851 0.9701655460414220222
0.7700000000000005729 0.9705698063723791069 0.9705698063728998015
0.7710000000000005738 0.9709705830080379574 0.9709705830085573197
0.7720000000000005747 0.9713678872381782403 0.9713678872386957153
0.7730000000000005755 0.9717617304172909698 0.9717617304178070015
0.7740000000000005764 0.9721521239638239997 0.9721521239643378109
0.7750000000000005773 0.9725390793599510975 0.9725390793604637985
0.7760000000000005782 0.9729226081513417945 0.9729226081518516089
0.7770000000000005791 0.9733027219469261304 0.9733027219474341685
0.77800000000000058 0.973679432418662949 0.973679432419170432
0.7790000000000005809 0.9740527513013086391 0.9740527513018135686
0.7800000000000005818 0.9744226903921775484 0.9744226903926818117
0.7810000000000005826 0.9747892615509150538 0.9747892615514164305
0.7820000000000005835 0.9751524766992517579 0.9751524766997512472
0.7830000000000005844 0.9755123478207761156 0.9755123478212737176
0.7840000000000005853 0.9758688869606947369 0.9758688869611908956
0.7850000000000005862 0.9762221062255940218 0.976222106226087849
0.7860000000000005871 0.9765720177832030169 0.9765720177836949567
0.787000000000000588 0.9769186338621551613 0.9769186338626454358
0.7880000000000005889 0.9772619667517494779 0.9772619667522381981
0.7890000000000005898 0.977602028801710099 0.9776020288021971538
0.7900000000000005906 0.9779388324219451256 0.977938832422430071
0.7910000000000005915 0.9782723900823089291 0.9782723900827918762
0.7920000000000005924 0.9786027143123567917 0.9786027143128372963
0.7930000000000005933 0.9789298177011045432 0.9789298177015832714
0.7940000000000005942 0.9792537128967868654 0.9792537128972633731
0.7950000000000005951 0.979574412606612821 0.9795744126070875524
0.796000000000000596 0.9798919295965210496 0.9798919295969943377
0.7970000000000005969 0.9802062766909370728 0.9802062766914088066
0.7980000000000005977 0.9805174667725290449 0.9805174667730001126
0.7990000000000005986 0.9808255127819596186 0.9808255127824274666
0.8000000000000005995 0.9811304277176404742 0.9811304277181065459
0.8010000000000006004 0.9814322246354869606 0.9814322246359505897
0.8020000000000006013 0.9817309166486698491 0.9817309166491314798
0.8030000000000006022 0.9820265169273667549 0.9820265169278261652
0.8040000000000006031 0.9823190386985151124 0.9823190386989737455
0.805000000000000604 0.9826084952455641508 0.9826084952460210076
0.8060000000000006048 0.9828948999082225413 0.9828948999086764005
0.8070000000000006057 0.983178266082207597 0.983178266082660457
0.8080000000000006066 0.9834586072189998029 0.9834586072194513306
0.8090000000000006075 0.9837359368255876868 0.98373593682603655
0.8100000000000006084 0.9840102684642151321 0.9840102684646621078
0.8110000000000006093 0.9842816157521332432 0.9842816157525775544
0.8120000000000006102 0.9845499923613423299 0.9845499923617841986
0.8130000000000006111 0.9848154120183443272 0.9848154120187846416
0.814000000000000612 0.9850778885038836696 0.9850778885043220967
0.8150000000000006128 0.9853374356526950484 0.985337435653131255
0.8160000000000006137 0.9855940673532497254 0.9855940673536833785
0.8170000000000006146 0.9858477975474969623 0.9858477975479287281
0.8180000000000006155 0.9860986402306115561 0.9860986402310425447
0.8190000000000006164 0.9863466094507354898 0.9863466094511625926
0.8200000000000006173 0.9865917193087178072 0.9865917193091440218
0.8210000000000006182 0.9868339839578630368 0.9868339839582858097
0.8220000000000006191 0.9870734176036681795 0.9870734176040900643
0.8230000000000006199 0.9873100345035688008 0.9873100345039875769
0.8240000000000006208 0.9875438489666724662 0.9875438489670891329
0.8250000000000006217 0.9877748753535076087 0.9877748753539226101
0.8260000000000006226 0.9880031280757571865 0.9880031280761696344
0.8270000000000006235 0.9882286215960003339 0.9882286215964120046
0.8280000000000006244 0.9884513704274537904 0.9884513704278616864
0.8290000000000006253 0.9886713891337021165 0.9886713891341099014
0.8300000000000006262 0.9888886923284465613 0.9888886923288522368
0.8310000000000006271 0.9891032946752325028 0.9891032946756359578
0.8320000000000006279 0.98931521088719232 0.9893152108875935546
0.8330000000000006288 0.9895244557267808272 0.9895244557271802854
0.8340000000000006297 0.9897310440055087088 0.9897310440059063907
0.8350000000000006306 0.989934990583678287 0.9899349905840733044
0.8360000000000006315 0.9901363103701233959 0.9901363103705165258
0.8370000000000006324 0.9903350183219361558 0.9903350183223271763
0.8380000000000006333 0.9905311294442065151 0.9905311294445966475
0.8390000000000006342 0.9907246587897551304 0.9907246587901425983
0.840000000000000635 0.9909156214588618061 0.9909156214592478307
0.8410000000000006359 0.9911040325990043698 0.9911040325993876188
0.8420000000000006368 0.9912899074045864456 0.9912899074049676962
0.8430000000000006377 0.9914732611166701126 0.991473261117050253
0.8440000000000006386 0.9916541090227090072 0.9916541090230861499
0.8450000000000006395 0.991832466456275208 0.9918324664566506854
0.8460000000000006404 0.9920083487967936708 0.9920083487971651515
0.8470000000000006413 0.9921817714692666712 0.9921817714696370416
0.8480000000000006422 0.9923527499440100152 0.9923527499443780542
0.849000000000000643 0.9925212997363754841 0.9925212997367416357
0.8500000000000006439 0.9926874364064839362 0.9926874364068480894
0.8510000000000006448 0.9928511755589503052 0.9928511755593132371
0.8520000000000006457 0.9930125328426142595 0.9930125328429739717
0.8530000000000006466 0.9931715239502608705 0.9931715239506191395
0.8540000000000006475 0.9933281646183567126 0.9933281646187124281
0.8550000000000006484 0.9934824706267686434 0.99348247062712014
0.8560000000000006493 0.9936344577984900228 0.9936344577988411864
0.8570000000000006501 0.9937841419993740377 0.9937841419997210934
0.858000000000000651 0.9939315391378475972 0.9939315391381926545
0.8590000000000006519 0.994076665164643325 0.994076665164986828
0.8600000000000006528 0.9942195360725213371 0.9942195360728613984
0.8610000000000006537 0.9943601678959913537 0.9943601678963309709
0.8620000000000006546 0.9944985767110428032 0.9944985767113792008
0.8630000000000006555 0.9946347786348559428 0.9946347786351910081
0.8640000000000006564 0.9947687898255368477 0.9947687898258688044
0.8650000000000006573 0.9949006264818305301 0.9949006264821611545
0.8660000000000006581 0.9950303048428477126 0.9950303048431750064
0.867000000000000659 0.9951578411877818331 0.9951578411881070174
0.8680000000000006599 0.9952832518356351521 0.995283251835958449
0.8690000000000006608 0.9954065531449347581 0.9954065531452567228
0.8700000000000006617 0.9955277615134554559 0.9955277615137760883
0.8710000000000006626 0.9956468933779386576 0.9956468933782556263
0.8720000000000006635 0.9957639652138092767 0.9957639652141248021
0.8730000000000006644 0.9958789935348996147 0.9958789935352121425
0.8740000000000006652 0.9959919948931637013 0.9959919948934743417
0.8750000000000006661 0.9961029858783982949 0.9961029858787058267
0.876000000000000667 0.9962119831179576668 0.9962119831182634222
0.8770000000000006679 0.9963190032764746018 0.9963190032767781368
0.8780000000000006688 0.9964240630555740719 0.9964240630558762746
0.8790000000000006697 0.9965271791935949031 0.9965271791938943302
0.8800000000000006706 0.996628368465297898 0.9966283684655969921
0.8810000000000006715 0.996727647681592166 0.9967276476818880404
0.8820000000000006724 0.9968250336892410246 0.9968250336895345676
0.8830000000000006732 0.9969205433705847774 0.9969205433708756559
0.8840000000000006741 0.9970141936432497243 0.9970141936435386043
0.885000000000000675 0.9971060014598693844 0.9971060014601560439
0.8860000000000006759 0.9971959838077906202 0.9971959838080750593
0.8870000000000006768 0.9972841577087964149 0.9972841577090783005
0.8880000000000006777 0.99737054021881133 0.9973705402190895519
0.8890000000000006786 0.99745514842761962 0.9974551484278961766
0.8900000000000006795 0.9975379994585770183 0.9975379994588515764
0.8910000000000006803 0.9976191104683211908 0.9976191104685936395
0.8920000000000006812 0.997698498646490628 0.9976984986467614114
0.8930000000000006821 0.9977761812154273269 0.9977761812156944465
0.894000000000000683 0.9978521754298943502 0.9978521754301596935
0.8950000000000006839 0.9979264985767860585 0.9979264985770486263
0.8960000000000006848 0.9979991679748378974 0.9979991679750979117
0.8970000000000006857 0.9980702009743379621 0.9980702009745954228
0.8980000000000006866 0.9981396149568384502 0.9981396149570933574
0.8990000000000006875 0.9982074273348621185 0.9982074273351151383
0.9000000000000006883 0.9982736555516145138 0.9982736555518658683
0.9010000000000006892 0.9983383170806960916 0.9983383170809454477
0.9020000000000006901 0.9984014294258052313 0.9984014294260505906
0.903000000000000691 0.9984630101204491348 0.9984630101206928288
0.9040000000000006919 0.9985230767276580544 0.9985230767278983066
0.9050000000000006928 0.9985816468396834233 0.9985816468399222323
0.9060000000000006937 0.9986387380777150824 0.9986387380779504497
0.9070000000000006946 0.9986943680915831845 0.9986943680918165533
0.9080000000000006954 0.9987485545594678715 0.9987485545596994641
0.9090000000000006963 0.9988013151876065088 0.9988013151878352147
0.9100000000000006972 0.9988526677099984763 0.9988526677102265161
0.9110000000000006981 0.9989026298881152899 0.9989026298883394439
0.912000000000000699 0.9989512195106007297 0.9989512195108236625
0.9130000000000006999 0.9989984543929855132 0.9989984543932055594
0.9140000000000007008 0.9990443523773864243 0.9990443523776035839
0.9150000000000007017 0.9990889313322112164 0.9990889313324267107
0.9160000000000007025 0.9991322091518708426 0.9991322091520835613
0.9170000000000007034 0.9991742037564759205 0.999174203756687529
0.9180000000000007043 0.9992149330915481853 0.9992149330917570182
0.9190000000000007052 0.9992544151277199527 0.999254415127925899
0.9200000000000007061 0.9992926678604419077 0.9992926678606464108
0.921000000000000707 0.9993297093096851214 0.9993297093098871819
0.9220000000000007079 0.9993655575196451757 0.9993655575198441277
0.9230000000000007088 0.9994002305584464008 0.9994002305586420221
0.9240000000000007097 0.9994337465178417812 0.999433746518034738
0.9250000000000007105 0.9994661235129227439 0.9994661235131139243
0.9260000000000007114 0.9994973796818144018 0.9994973796820039169
0.9270000000000007123 0.9995275331853852308 0.9995275331855713041
0.9280000000000007132 0.9995566022069414247 0.9995566022071260548
0.9290000000000007141 0.9995846049519361287 0.9995846049521173171
0.930000000000000715 0.9996115596476684573 0.9996115596478478693
0.9310000000000007159 0.9996374845429822908 0.9996374845431588163
0.9320000000000007168 0.9996623979079735101 0.9996623979081489253
0.9330000000000007176 0.9996863180336890142 0.9996863180338606547
0.9340000000000007185 0.9997092632318229644 0.9997092632319928285
0.9350000000000007194 0.9997312518344261267 0.9997312518345937704
0.9360000000000007203 0.9997523021935996734 0.9997523021937642085
0.9370000000000007212 0.9997724326811994189 0.9997724326813615114
0.9380000000000007221 0.9997916616885333951 0.9997916616886914909
0.939000000000000723 0.9998100076260625357 0.9998100076262201874
0.9400000000000007239 0.9998274889231053564 0.9998274889232594553
0.9410000000000007248 0.9998441240275286468 0.9998441240276823017
0.9420000000000007256 0.99985993140545526 0.9998599314056058063
0.9430000000000007265 0.999874929540957802 0.9998749295411051285
0.9440000000000007274 0.9998891369357603143 0.9998891369359044212
0.9450000000000007283 0.9999025721089378482 0.9999025721090801788
0.9460000000000007292 0.9999152535966129296 0.9999152535967530397
0.9470000000000007301 0.9999271999516563536 0.9999271999517942433
0.948000000000000731 0.9999384297433860924 0.9999384297435218727
0.9490000000000007319 0.9999489615572613177 0.9999489615573935453
0.9500000000000007327 0.9999588139945863041 0.99995881399471509
0.9510000000000007336 0.9999680056722021204 0.9999680056723305732
0.9520000000000007345 0.9999765552221931975 0.9999765552223180975
0.9530000000000007354 0.9999844812915750225 0.999984481291697147
0.9540000000000007363 0.9999918025419980427 0.9999918025421177248
0.9550000000000007372 0.9999985376494446854 0.9999985376495614808
0.9560000000000007381 1.000004705303922714 1.000004705304037067
0.957000000000000739 1.000010324209166912 1.000010324209279489
0.9580000000000007399 1.000015413082333993 1.000015413082442794
0.9590000000000007407 1.000019990653698621 1.000019990653805646
0.9600000000000007416 1.000024075666351431 1.000024075666455126
0.9610000000000007425 1.000027686875895494 1.000027686875998079
0.9620000000000007434 1.000030843050142337 1.000030843050241369
0.9630000000000007443 1.000033562968806855 1.000033562968903222
0.9640000000000007452 1.00003586542320777 1.000035865423301917
0.9650000000000007461 1.000037769215959216 1.000037769216050698
0.966000000000000747 1.000039293160667864 1.000039293160757126
0.9670000000000007478 1.000040456081634055 1.000040456081718876
0.9680000000000007487 1.000041276813534719 1.000041276813617319
0.9690000000000007496 1.000041774201135159 1.00004177420121465
0.9700000000000007505 1.000041967098973972 1.000041967099051021
0.9710000000000007514 1.000041874371059514 1.000041874371134565
0.9720000000000007523 1.000041514890570804 1.000041514890642969
0.9730000000000007532 1.000040907539545998 1.000040907539616608
0.9740000000000007541 1.00004007120858196 1.000040071208649906
0.975000000000000755 1.00003902479652873 1.000039024796593345
0.9760000000000007558 1.000037787210183327 1.000037787210245721
0.9770000000000007567 1.000036377363984874 1.000036377364045048
0.9780000000000007576 1.000034814179710407 1.000034814179767473
0.9790000000000007585 1.000033116586171111 1.00003311658622529
0.9800000000000007594 1.000031303518902126 1.000031303518953418
0.9810000000000007603 1.000029393919862342 1.000029393919910969
0.9820000000000007612 1.000027406737125313 1.000027406737172608
0.9830000000000007621 1.000025360924578388 1.000025360924621687
0.9840000000000007629 1.000023275441611847 1.00002327544165226
0.9850000000000007638 1.000021169252815589 1.000021169252854225
0.9860000000000007647 1.000019061327674708 1.000019061327711345
0.9870000000000007656 1.000016970640265512 1.000016970640299263
0.9880000000000007665 1.000014916168941781 1.000014916168973755
0.9890000000000007674 1.000012916896040549 1.000012916896068749
0.9900000000000007683 1.000010991807562366 1.000010991807589011
0.9910000000000007692 1.000009159892881749 1.000009159892905952
0.9920000000000007701 1.000007440144428328 1.000007440144448978
0.9930000000000007709 1.000005851557384418 1.000005851557403069
0.9940000000000007718 1.000004413129382375 1.000004413129398362
0.9950000000000007727 1.000003143860196619 1.000003143860211718
0.9960000000000007736 1.000002062751440102 1.000002062751451426
0.9970000000000007745 1.000001188806248997 1.000001188806256991
0.9980000000000007754 1.000000541028987833 1.000000541028992718
0.9990000000000007763 1.000000138424940399 1.000000138424943952
1.000000000000000666 0.9999999999999995559 1.000000000000000444
