0 0 0
0.002500000000000000052 3.827295857237992838e-05 3.827295882178824438e-05
0.005000000000000000104 0.0001526438597126958852 0.0001526438602114515986
0.007499999999999999722 0.0003424407677030934867 0.0003424407684511285299
0.01000000000000000021 0.0006069918065921158824 0.0006069918075893368514
0.01250000000000000069 0.0009456251900732933272 0.0009456251913196045411
0.01500000000000000118 0.001357669251358205017 0.00135766925285346618
0.01750000000000000167 0.0018424524730421654 0.001842452474786239469
0.02000000000000000042 0.002399303516960699708 0.002399303518953427306
0.02249999999999999917 0.003027551254034960022 0.003027551256276170277
0.02499999999999999792 0.003726524794104243022 0.003726524796593744249
0.02749999999999999667 0.004495553515743776034 0.004495553518481340549
0.02999999999999999542 0.005333967096065921933 0.005333967099051331595
0.03249999999999999417 0.006241095540502961288 0.006241095543735974971
0.03499999999999999639 0.007216269212569640691 0.007216269216050008595
0.03749999999999999861 0.00825881886360361854 0.008258818867331041425
0.04000000000000000083 0.009368075662481985949 0.009368075666456199269
0.04250000000000000305 0.01054337122531204957 0.01054337122953269423
0.04500000000000000527 0.01178403764509450453 0.01178403764956131861
0.04750000000000000749 0.01308940752135720302 0.01308940752606976843
0.05000000000000000971 0.01445881398975767777 0.01445881399471571349
0.05250000000000001193 0.01589159075165259838 0.01589159075685567246
0.05500000000000001416 0.01738707210363231448 0.01738707210908005396
0.05750000000000001638 0.01894459296701871132 0.01894459297271069986
0.0600000000000000186 0.0205634889173244885 0.02056348892326029243
0.06250000000000001388 0.022243096213672129 0.02224309621985132157
0.0650000000000000161 0.02398275182817067794 0.02398275183459280813
0.06750000000000001832 0.0257817934752485392 0.02578179348191314557
0.07000000000000002054 0.02763955964094046841 0.02763955964784703401
0.07250000000000002276 0.0295553896121270275 0.02955538961927503538
0.07500000000000002498 0.03152862350572456507 0.03152862351311350175
0.0775000000000000272 0.0335586022978240292 0.03355860230545334999
0.08000000000000002942 0.03564466785277680544 0.03564466786064601767
0.08250000000000003164 0.0377861629522257339 0.03778616296033421307
0.08500000000000003386 0.03998243132407953981 0.03998243133242673775
0.08750000000000003608 0.04223281767142890442 0.04223281768001424519
0.0900000000000000383 0.0445366677014023965 0.04453666771022524173
0.09250000000000004052 0.04689332815396046045 0.04689332816302010931
0.09500000000000004274 0.04930214683062562192 0.04930214683992156788
0.09750000000000004496 0.05176247262314738473 0.05176247263267885756
0.1000000000000000472 0.05427365554209972326 0.05427365555186608459
0.1025000000000000494 0.05683504674540956758 0.05683504675541012352
0.1050000000000000516 0.05944599856681460209 0.059445998577048631
0.1075000000000000538 0.06210586454424850411 0.06210586455471533984
0.1100000000000000561 0.06481399944815183223 0.06481399945885069069
0.1125000000000000583 0.06756975930970698929 0.06756975932063713497
0.1150000000000000605 0.07037250144899530324 0.0703725014601559451
0.1175000000000000627 0.07322158450307481026 0.0732215845144652544
0.1200000000000000649 0.0761163684539764851 0.07611636846559588498
0.1225000000000000672 0.07905621465661775982 0.07905621466846529666
0.1250000000000000555 0.08204048586663134635 0.08204048587870621523
0.1275000000000000577 0.08506854626810743392 0.08506854628040877442
0.13000000000000006 0.08813976150124805398 0.08813976151377506119
0.1325000000000000622 0.0912534986899314754 0.09125349870268328889
0.1350000000000000644 0.09440912646918503404 0.09440912648216076564
0.1375000000000000666 0.09760601501256488399 0.09760601502576360389
0.1400000000000000688 0.1008435360594407831 0.100843536072861617
0.1425000000000000711 0.1041210629421841921 0.1041210629558262379
0.1450000000000000733 0.1074379706132583129 0.107437970627120627
0.1475000000000000755 0.110793635672207999 0.1107936356862895821
0.1500000000000000777 0.1141874363925482749 0.1141874364068482528
0.1525000000000000799 0.1176187527485492296 0.117618752763066603
0.1550000000000000822 0.1210869664419165215 0.1210869664566502912
0.1575000000000000844 0.1245914609283648722 0.1245914609433141362
0.1600000000000000866 0.1281316214440836043 0.1281316214592471692
0.1625000000000000888 0.1317068350320921843 0.1317068350474691618
0.165000000000000091 0.1353164905684846042 0.1353164905840739118
0.1675000000000000933 0.1389599787885603399 0.1389599788043609507
0.1700000000000000955 0.1426366923128408182 0.1426366923288515665
0.1725000000000000977 0.1463460256729696152 0.1463460256891895295
0.1750000000000000999 0.1500873753374946107 0.1500873753539225808
0.1775000000000001021 0.1538601397375309321 0.1538601397541657922
0.1800000000000001044 0.1576637192923024955 0.1576637193091432465
0.1825000000000001066 0.1614975164345612002 0.1614975164516068151
0.1850000000000001088 0.1653609356358817506 0.1653609356531308139
0.187500000000000111 0.1692533834318308283 0.1692533834492824241
0.1900000000000001132 0.1731742684470087834 0.1731742684646615515
0.1925000000000001155 0.1771230014199628167 0.1771230014378157858
0.1950000000000001177 0.1810989952279691839 0.1810989952460210217
0.1975000000000001199 0.1851016649116839774 0.1851016649299336292
0.2000000000000001221 0.1891304276996604028 0.1891304277181063975
0.2025000000000001243 0.1931847030327307757 0.1931847030513720309
0.2050000000000001266 0.197263912588252377 0.1972639126070877547
0.2075000000000001288 0.2013674803042151962 0.2013674803232433641
0.210000000000000131 0.2054948324032103146 0.2054948324224300515
0.2125000000000001332 0.209645397416257262 0.2096453974356672356
0.2150000000000001354 0.2138186062064890702 0.2138186062260881704
0.2175000000000001377 0.2180138919926933871 0.218013892012480115
0.2200000000000001399 0.2222306903727083449 0.2222306903926812849
0.2225000000000001421 0.2264684393466716295 0.2264684393668298101
0.2250000000000001443 0.2307265793401216958 0.2307265793604637016
0.2275000000000001465 0.2350045532269484649 0.235004553247472936
0.2300000000000001488 0.2393018063521941408 0.2393018063728996614
0.232500000000000151 0.2436177865547009269 0.2436177865755863037
0.2350000000000001532 0.2479519441896047838 0.2479519442106685734
0.2375000000000001554 0.2523037321506745867 0.2523037321719153736
0.2400000000000001577 0.2566726058924941878 0.256672605913910723
0.2425000000000001599 0.2610580234524866317 0.2610580234740772498
0.2450000000000001621 0.2654594454727790542 0.2654594454945424786
0.2475000000000001643 0.2698763352219069045 0.2698763352438420249
0.2500000000000001665 0.2743081586163565455 0.2743081586384613635
0.2525000000000001688 0.278754384241943487 0.2787543842642171699
0.255000000000000171 0.2832144833750273594 0.2832144833974681308
0.2575000000000001732 0.2876879300035596332 0.2876879300261661054
0.2600000000000001754 0.29217420084796486 0.2921742008707356453
0.2625000000000001776 0.2966727753818532154 0.2966727754047867593
0.2650000000000001799 0.3011831358525631774 0.3011831358756581478
0.2675000000000001821 0.3057047673015326206 0.305704767324787241
0.2700000000000001843 0.3102371575844985463 0.3102371576079114845
0.2725000000000001865 0.3147797973915225089 0.3147797974150922107
0.2750000000000001887 0.3193321802668410703 0.3193321802905660922
0.277500000000000191 0.3238938026285409499 0.3238938026524198488
0.2800000000000001932 0.3284641637880560405 0.3284641638120873175
0.2825000000000001954 0.3330427659694867315 0.3330427659936686657
0.2850000000000001976 0.3376291143287388219 0.3376291143530699701
0.2875000000000001998 0.3422227169724822438 0.3422227169969609406
0.2900000000000002021 0.3468230849769274315 0.3468230850015523448
0.2925000000000002043 0.3514297324064182826 0.3514297324311875803
0.2950000000000002065 0.3560421763318414867 0.3560421763567535036
0.2975000000000002087 0.3606599368488494495 0.3606599368739029643
0.3000000000000002109 0.3652825370958978635 0.3652825371210910443
0.3025000000000002132 0.369909503272094542 0.3699095032974260011
0.3050000000000002154 0.3745403646548594034 0.3745403646803274755
0.3075000000000002176 0.3791746536173957183 0.379174653642998849
0.3100000000000002198 0.3838119056459692868 0.3838119056717053112
0.312500000000000222 0.38845165935699566 0.3884516593828635234
0.3150000000000002243 0.39309345651393518 0.393093456539932995
0.3175000000000002265 0.3977368420439927887 0.3977368420701189455
0.3200000000000002287 0.4023813640546235471 0.4023813640808764358
0.3225000000000002309 0.407026573849841089 0.4070265738762193219
0.3250000000000002331 0.4116720259463302889 0.4116720259728317011
0.3275000000000002354 0.4163172780893596991 0.4163172781159829583
0.3300000000000002376 0.4209618912684974235 0.4209618912952408643
0.3325000000000002398 0.4256054297331240965 0.4256054297599858316
0.335000000000000242 0.4302474610077470785 0.4302474610347255535
0.3375000000000002442 0.4348875559071113117 0.4348875559342046948
0.3400000000000002465 0.439525288551107618 0.4395252885783145214
0.3425000000000002487 0.444160236379477491 0.4441602364067958053
0.3450000000000002509 0.44879198016631211 0.4487919801937405584
0.3475000000000002531 0.4534201040343464606 0.4534201040618828227
0.3500000000000002554 0.4580441954690475104 0.4580441954966902873
0.3525000000000002576 0.462663845332492607 0.462663845360240078
0.3550000000000002598 0.4672786478770425411 0.4672786479048931518
0.357500000000000262 0.471888200758803833 0.4718882007867555295
0.3600000000000002642 0.4764921050508803546 0.4764921050789316936
0.3625000000000002665 0.4810899652564166185 0.4810899652845654906
0.3650000000000002687 0.4856813893214264599 0.4856813893496714218
0.3675000000000002709 0.4902659886474123319 0.4902659886757516627
0.3700000000000002731 0.4948433781037691048 0.4948433781322010283
0.3725000000000002753 0.4994131760399750375 0.4994131760684974441
0.3750000000000002776 0.503975004297568141 0.5039750043261794765
0.3775000000000002798 0.5085284882219062164 0.5085284882506049264
0.380000000000000282 0.5130732566737126188 0.513073256702496705
0.3825000000000002842 0.517608942040402753 0.517608942069270439
0.3850000000000002864 0.5221351802471952963 0.5221351802761444727
0.3875000000000002887 0.5266516107680028203 0.5266516107970320437
0.3900000000000002909 0.5311578766361064741 0.5311578766652143013
0.3925000000000002931 0.5356536244546086234 0.535653624483792834
0.3950000000000002953 0.540138504406666109 0.5401385044359250376
0.3975000000000002975 0.544612170265503015 0.5446121702948345522
0.4000000000000002998 0.5490742794042009489 0.5490742794336038735
0.402500000000000302 0.5535244928052693858 0.5535244928347413662
0.4050000000000003042 0.5579624750699907487 0.5579624750995304527
0.4075000000000003064 0.5623878944275439995 0.5623878944571492067
0.4100000000000003086 0.5668004227439037424 0.5668004227735727873
0.4125000000000003109 0.5711997355305156177 0.57119973556024628
0.4150000000000003131 0.5755855119527456543 0.5755855119825366017
0.4175000000000003153 0.5799574348381058009 0.5799574348679550351
0.4200000000000003175 0.5843151906842524168 0.5843151907141581614
0.4225000000000003197 0.5886584696667580552 0.5886584696967185337
0.425000000000000322 0.592986965646658315 0.5929869656766715291
0.4275000000000003242 0.5973003761777687659 0.5973003762078328283
0.4300000000000003264 0.6015984025137764979 0.6015984025438896321
0.4325000000000003286 0.6058807496151010774 0.6058807496452616181
0.4350000000000003308 0.6101471261555292402 0.6101471261857351891
0.4375000000000003331 0.6143972445286183248 0.6143972445588676834
0.4400000000000003353 0.618630820853873109 0.618630820884164212
0.4425000000000003375 0.62284757498268839 0.622847575013019128
0.4450000000000003397 0.6270472305040661887 0.6270472305344356734
0.4475000000000003419 0.631229514750099141 0.6312295147805044859
0.4500000000000003442 0.6353941588012247399 0.6353941588316642797
0.4525000000000003464 0.6395408974912463185 0.6395408975217187209
0.4550000000000003486 0.6436694694121261051 0.6436694694426294827
0.4575000000000003508 0.6477796169185418007 0.647779616949073489
0.4600000000000003531 0.6518710861322151162 0.651871086162774116
0.4625000000000003553 0.6559436269460057201 0.6559436269765894778
0.4650000000000003575 0.6599969930277727048 0.6599969930583795552
0.4675000000000003597 0.6640309418240049055 0.6640309418546332942
0.4700000000000003619 0.6680452345632154065 0.6680452345938630021
0.4725000000000003642 0.6720396362591054551 0.6720396362897707032
0.4750000000000003664 0.6760139157134927856 0.6760139157441737989
0.4775000000000003686 0.6799678455190071302 0.6799678455497024654
0.4800000000000003708 0.6839012020615526932 0.6839012020922594637
0.482500000000000373 0.6878137655225345926 0.6878137655532521322
0.4850000000000003753 0.6917053198808539305 0.6917053199115796858
0.4875000000000003775 0.6955756529146660538 0.6955756529453984705
0.4900000000000003797 0.6994245562029056673 0.6994245562336425248
0.4925000000000003819 0.7032518251265774678 0.7032518251573172119
0.4950000000000003841 0.7070572588698118555 0.7070572589005521547
0.4975000000000003864 0.7108406604206870538 0.710840660451427242
0.5000000000000003331 0.7146018365718148635 0.7146018366025523871
0.5025000000000002798 0.7183405979206941572 0.7183405979514270179
0.5050000000000002265 0.7220567588698262318 0.7220567589005524312
0.5075000000000001732 0.7257501376265989013 0.725750137657316996
0.5100000000000001199 0.7294205562029347778 0.7294205562336424364
0.5125000000000000666 0.7330678404147022986 0.7330678404453978558
0.5150000000000000133 0.7366918198808976026 0.7366918199115797261
0.51749999999999996 0.7402923280225851554 0.7402923280532516248
0.5199999999999999067 0.7438692020616105571 0.7438692020922590409
0.5224999999999998535 0.7474222830190720979 0.7474222830497017078
0.5249999999999998002 0.7509514157135650514 0.750951415744173234
0.5274999999999997469 0.7544564487591851609 0.7544564487897698069
0.5299999999999996936 0.7579372345633023089 0.7579372345938621969
0.5324999999999996403 0.7613936293240989306 0.7613936293546319511
0.534999999999999587 0.7648254930278736152 0.7648254930583784361
0.5374999999999995337 0.7682326894461137812 0.7682326894765880709
0.5399999999999994804 0.771615086132330541 0.7716150861627726343
0.5424999999999994271 0.7749725544186644166 0.774972554449072204
0.5449999999999993738 0.7783049694122556872 0.7783049694426280585
0.5474999999999993205 0.7816122099913827004 0.7816122100217173241
0.5499999999999992673 0.7848941588013678139 0.7848941588316629137
0.552499999999999214 0.788150702250248969 0.7881507022805032125
0.5549999999999991607 0.7913817305042227801 0.7913817305344335029
0.5574999999999991074 0.794587137482851702 0.7945871375130177938
0.5599999999999990541 0.7977668208540428241 0.7977668208841628417
0.5624999999999990008 0.8009206820287948503 0.8009206820588661291
0.5649999999999989475 0.8040486261557121539 0.8040486261857329175
0.5674999999999988942 0.8071505621152905707 0.8071505621452592649
0.5699999999999988409 0.8102264025139724879 0.8102264025438878914
0.5724999999999987876 0.8132760636779710062 0.8132760637078308985
0.5749999999999987343 0.8162994656468668397 0.8162994656766695556
0.5774999999999986811 0.8192965321669729573 0.8192965321967160541
0.5799999999999986278 0.8222671906844735146 0.8222671907141558822
0.5824999999999985745 0.8252113723383329713 0.8252113723679528334
0.5849999999999985212 0.828129011952979166 0.8281290119825341911
0.5874999999999984679 0.8310200480307547988 0.8310200480602440987
0.5899999999999984146 0.8338844227441488677 0.833884422773570444
0.5924999999999983613 0.8367220819277949584 0.8367220819571468127
0.594999999999998308 0.8395329750702473781 0.839532975099527512
0.5974999999999982547 0.8423170553055319143 0.8423170553347392175
0.5999999999999982014 0.8450742794044691086 0.8450742794336012498
0.6024999999999981481 0.8478046077657760415 0.8478046077948322434
0.6049999999999980949 0.8505080044069449619 0.850508004435923004
0.6074999999999980416 0.8531844369548924334 0.8531844369837904285
0.6099999999999979883 0.8558338766363955408 0.8558338766652116014
0.612499999999997935 0.8584562982682973908 0.8584562982970291856
0.6149999999999978817 0.8610516802474945663 0.8610516802761420951
0.6174999999999978284 0.8636200045407069759 0.8636200045692674632
0.6199999999999977751 0.8661612566740218844 0.8661612567024938869
0.6224999999999977218 0.8686754257222201181 0.8686754257506019705
0.6249999999999976685 0.871162504297886664 0.8711625043261765899
0.6274999999999976152 0.8736224885402981144 0.8736224885684951147
0.629999999999997562 0.8760553781040965049 0.876055378132198026
0.6324999999999975087 0.878461176147744327 0.8784611761757490367
0.6349999999999974554 0.8808398893217627146 0.8808398893496687254
0.6374999999999974021 0.8831915277567571332 0.8831915277845627799
0.6399999999999973488 0.8855161050512251331 0.8855161050789286392
0.6424999999999972955 0.8878136382591520492 0.8878136382867527487
0.6449999999999972422 0.8900841478773947602 0.8900841479048908766
0.6474999999999971889 0.8923276578328481756 0.8923276578602368225
0.6499999999999971356 0.8945441954694069997 0.8945441954966870668
0.6524999999999970823 0.8967337915347096677 0.8967337915618807109
0.654999999999997029 0.8988964801666787796 0.8988964801937378013
0.6574999999999969758 0.901032298879847704 0.9010322989067933719
0.6599999999999969225 0.903141288551480681 0.9031412885783112188
0.6624999999999968692 0.9052234934074874229 0.9052234934342018313
0.6649999999999968159 0.9072789610081264389 0.9072789610347222755
0.6674999999999967626 0.9093077422335058557 0.9093077422599828985
0.6699999999999967093 0.9113098912688821773 0.9113098912952373176
0.672499999999996656 0.913285465589746992 0.9132854656159805629
0.6749999999999966027 0.9152345259467197236 0.9152345259728287274
0.6774999999999965494 0.9171571363502328822 0.9171571363762156537
0.6799999999999964961 0.9190533640550173633 0.9190533640808733473
0.6824999999999964428 0.9209232795443886843 0.9209232795701161045
0.6849999999999963896 0.9227669565143330477 0.9227669565399301277
0.6874999999999963363 0.9245844718573954513 0.9245844718828606368
0.689999999999996283 0.9263759056463708452 0.926375905671702693
0.6924999999999962297 0.9281413411177985573 0.928141341142995735
0.6949999999999961764 0.9298808646552634283 0.9298808646803244926
0.6974999999999961231 0.931594565772499883 0.9315945657974231686
0.6999999999999960698 0.9332825370963045986 0.9332825371210882182
0.7024999999999960165 0.9349448743492568825 0.9349448743738997258
0.7049999999999959632 0.9365816763322497573 0.9365816763567504921
0.7074999999999959099 0.9381930449068270894 0.9381930449311850495
0.7099999999999958566 0.9397790849773368649 0.9397790850015494968
0.7124999999999958034 0.941339904472892397 0.9413399044969583684
0.7149999999999957501 0.9428756143291490144 0.942875614353066549
0.7174999999999956968 0.9443863284698972294 0.944386328493665772
0.7199999999999956435 0.9458721637884661693 0.9458721638120843878
0.7224999999999955902 0.9473332401289511484 0.9473332401524170443
0.7249999999999955369 0.9487696802672509477 0.9487696802905638549
0.7274999999999954836 0.9501816098919315667 0.9501816099150897088
0.7299999999999954303 0.9515691575849077877 0.9515691576079090552
0.732499999999995377 0.952932454801941331 0.9529324548247837257
0.7349999999999953237 0.9542716358529711451 0.954271635875655555
0.7374999999999952704 0.9555868378822606202 0.9555868379047840477
0.7399999999999952172 0.9568782008483712742 0.9568782008707330533
0.7424999999999951639 0.9581458675039646877 0.9581458675261638192
0.7449999999999951106 0.9593899833754309103 0.9593899833974659508
0.7474999999999950573 0.9606106967423464482 0.9606106967642147332
0.749999999999995004 0.9618081586167583907 0.9618081586384583659
0.7524999999999949507 0.9629825227223074435 0.962982522743839553
0.7549999999999948974 0.9641339454731775449 0.9641339454945399012
0.7574999999999948441 0.9652625859528837227 0.9652625859740742165
0.7599999999999947908 0.9663686058928895317 0.9663686059139076079
0.7624999999999947375 0.9674521696510677282 0.9674521696719136088
0.7649999999999946843 0.9685134441899956315 0.9685134442106666519
0.767499999999994631 0.9695525990550892814 0.9695525990755835544
0.7699999999999945777 0.9705698063525799446 0.9705698063728975811
0.7724999999999945244 0.971565240727331858 0.9715652407474704155
0.7749999999999944711 0.9725390793405032097 0.9725390793604611339
0.7774999999999944178 0.9734915018470498005 0.9734915018668273134
0.7799999999999943645 0.9744226903730834888 0.9744226903926795913
0.7824999999999943112 0.9753328294930656561 0.9753328295124781278
0.7849999999999942579 0.976222106206857787 0.9762221062260860727
0.7874999999999942046 0.97709070991662339 0.977090709935664492
0.7899999999999941513 0.977938832403572933 0.9779388324224278506
0.7924999999999940981 0.9787666678045736646 0.9787666678232409545
0.7949999999999940448 0.9795744125886081122 0.979574412607085776
0.7974999999999939915 0.9803622655330826996 0.9803622655513706263
0.7999999999999939382 0.9811304277000081342 0.9811304277181047695
0.8024999999999938849 0.9818791024120276933 0.9818791024299313719
0.8049999999999938316 0.9826084952283092866 0.982608495246018343
0.8074999999999937783 0.9833188139202987399 0.9833188139378141734
0.809999999999993725 0.9840102684473412964 0.9840102684646598874
0.8124999999999936717 0.9846830709321584552 0.9846830709492802036
0.8149999999999936184 0.9853374356362050168 0.9853374356531294787
0.8174999999999935651 0.9859735789348801349 0.9859735789516053117
0.8199999999999935119 0.9865917192926171309 0.9865917193091413573
0.8224999999999934586 0.9871920772378407483 0.9871920772541638023
0.8249999999999934053 0.9877748753377997293 0.9877748753539212778
0.827499999999993352 0.9883403381732700499 0.9883403381891882056
0.8299999999999932987 0.9888886923131365858 0.9888886923288495723
0.8324999999999932454 0.9894201662888505444 0.9894201663043595829
0.8349999999999931921 0.9899349905687705453 0.9899349905840728603
0.8374999999999931388 0.9904333975323724726 0.9904333975474686191
0.8399999999999930855 0.9909156214443592958 0.990915621459244722
0.8424999999999930322 0.991381898428634889 0.9913818984433127035
0.8449999999999929789 0.9918324664421813708 0.9918324664566489091
0.8474999999999929257 0.9922675652488097686 0.9922675652630652543
0.8499999999999928724 0.9926874363928027689 0.9926874364068467571
0.8524999999999928191 0.9930923231724576583 0.9930923231862887057
0.8549999999999927658 0.9934824706135026995 0.99348247062712014
0.8574999999999927125 0.9938581254424228018 0.993858125455824748
0.8599999999999926592 0.9942195360596750575 0.9942195360728609543
0.8624999999999926059 0.9945669525127933674 0.9945669525257625487
0.8649999999999925526 0.9949006264694078006 0.9949006264821598222
0.8674999999999924993 0.995220811190148491 0.9952208112026821318
0.869999999999992446 0.9955277615014597181 0.995527761513774756
0.8724999999999923928 0.9958217337683137327 0.9958217337804078362
0.8749999999999923395 0.9961029858668322134 0.9961029858787058267
0.8774999999999922862 0.9963717771568122439 0.9963717771684637015
0.8799999999999922329 0.9966283684541652477 0.9966283684655947717
0.8824999999999921796 0.9968730220032572253 0.9968730220144643717
0.8849999999999921263 0.9971060014491717194 0.9971060014601551558
0.887499999999992073 0.9973275718098784104 0.9973275718206369156
0.8899999999999920197 0.9975379994483174473 0.9975379994588502441
0.8924999999999919664 0.9977375520444081713 0.9977375520547147048
0.8949999999999919131 0.9979264985669685784 0.9979264985770477381
0.8974999999999918598 0.9981051092455586193 0.9981051092554094062
0.8999999999999918066 0.9982736555422428992 0.9982736555518649801
0.9024999999999917533 0.9984324101232846527 0.9984324101326778056
0.9049999999999917 0.9985816468307571192 0.9985816468399213441
0.9074999999999916467 0.9987216406540866398 0.9987216406630201604
0.9099999999999915934 0.9988526677015229227 0.9988526677102251838
0.9124999999999915401 0.998975005171543029 0.9989750051800130315
0.9149999999999914868 0.9990889313241880787 0.9990889313324267107
0.9174999999999914335 0.9991947254523292354 0.9991947254603341655
0.9199999999999913802 0.9992926678528757378 0.9992926678606455226
0.9224999999999913269 0.9993830397979168723 0.9993830398054526221
0.9249999999999912736 0.9994661235058123205 0.9994661235131134802
0.9274999999999912204 0.999542202112210787 0.9995422021192754691
0.9299999999999911671 0.9996115596410188875 0.9996115596478456489
0.9324999999999911138 0.9996744809753224104 0.9996744809819135824
0.9349999999999910605 0.9997312518282406302 0.9997312518345928822
0.9374999999999910072 0.9997821587137367683 0.9997821587198507665
0.9399999999999909539 0.9998274889173852653 0.9998274889232598994
0.9424999999999909006 0.9998675304670748831 0.9998675304727107083
0.9449999999999908473 0.9999025721036833847 0.9999025721090801788
0.947499999999990794 0.9999329032517001448 0.9999329032568553544
0.9499999999999907407 0.9999588139898012429 0.9999588139947159782
0.9524999999999906874 0.9999805950213956907 0.9999805950260696186
0.9549999999999906342 0.9999985376451292485 0.9999985376495619249
0.9574999999999905809 1.000012933725342945 1.000012933729533149
0.9599999999999905276 1.000024075662509837 1.000024075666456458
0.9624999999999904743 1.000032256363627914 1.00003225636733184
0.964999999999990421 1.000037769212591687 1.000037769216050254
0.9674999999999903677 1.000040908040521481 1.000040908043734689
0.9699999999999903144 1.000041967096082063 1.000041967099051909
0.9724999999999902611 1.000041241015757532 1.000041241018481575
0.9749999999999902078 1.000039024794115772 1.000039024796593345
0.9774999999999901545 1.000035613754044483 1.000035613756276476
0.9799999999999901013 1.000031303516968784 1.000031303518953418
0.982499999999990048 1.000026389973048824 1.000026389974786767
0.9849999999999899947 1.000021169251362974 1.000021169252852449
0.9874999999999899414 1.000015937690077461 1.000015937691320023
0.9899999999999898881 1.000010991806595362 1.000010991807589456
0.9924999999999898348 1.000006628267704478 1.00000662826845188
0.9949999999999897815 1.000003143859713894 1.000003143860211274
0.9974999999999897282 1.000000835458571879 1.000000835458822124
0.9999999999999896749 1.000000000000000222 1.000000000000000444
